"ab" 0.454722743535389 0.71559410474477 1.34585256535384 0
"X" 0.454583310116684 0.699241783094938 1.3800559068335 1
"X.1" 0.463623147236593 0.701265077437366 1.34518611886651 2
"X.2" 0.452398006781752 0.723603510472407 1.31312197901475 3
"X.3" 0.454456921551265 0.702319246565121 1.33831743252864 4
"X.4" 0.459252605387998 0.713296187687777 1.34091139290982 5
"X.5" 0.453972319308303 0.693551447806991 1.34434747756945 6
"X.6" 0.447961642070782 0.711662552770839 1.34837029243065 7
"X.7" 0.461761604920278 0.739647035868806 1.35460420878166 8
"X.8" 0.452195772497514 0.722628686623328 1.36079747052861 9
"X.9" 0.461252469902316 0.714629396718256 1.34545499190663 10
"X.10" 0.454813390858588 0.701676497043304 1.34459332123616 11
"X.11" 0.44328163099713 0.738886323275371 1.35818910761132 12
"X.12" 0.460774618306766 0.72208412740816 1.33374855943909 13
"X.13" 0.456060142315712 0.720082994201061 1.3350990181028 14
"X.14" 0.457861211871772 0.717819833381066 1.33715209094541 15
"X.15" 0.44600730615707 0.735044734748247 1.35458351361149 16
"X.16" 0.45310755764678 0.700823607129262 1.3624804533631 17
"X.17" 0.447241863805741 0.731510847282735 1.34248726293788 18
"X.18" 0.461120109707121 0.716810104068835 1.36072832287853 19
"X.19" 0.452825024755728 0.702569149804567 1.37493435812391 20
"X.20" 0.454543636467671 0.725127433985389 1.36267157228443 21
"X.21" 0.446573037648245 0.719888382433944 1.32764505303815 22
"X.22" 0.450880470887155 0.71510109368685 1.30198996820213 23
"X.23" 0.455985423974254 0.722426096109943 1.36939648080668 24
"X.24" 0.456738776518016 0.703474783018021 1.33945512019451 25
"X.25" 0.455135687543128 0.718621572877068 1.34986200739659 26
"X.26" 0.462849603771376 0.710474166618099 1.33800699246248 27
"X.27" 0.463728448668915 0.732902861975549 1.33442592410095 28
"X.28" 0.452397251080221 0.697135796991302 1.34857767037056 29
"X.29" 0.456615890748087 0.734121455033307 1.35406686220782 30
"X.30" 0.453903355110455 0.682145292911136 1.34853894032768 31
"X.31" 0.448991851825562 0.712745945682327 1.34929785427865 32
"X.32" 0.454476981865541 0.707345195281931 1.34948311559125 33
"X.33" 0.471611166596346 0.713300313456539 1.32785456161977 34
"X.34" 0.451324539123834 0.741875524417986 1.36216544244793 35
"X.35" 0.455888144707501 0.723189151544299 1.36391182040167 36
"X.36" 0.465228620933757 0.699057528110389 1.35557931012776 37
"X.37" 0.456062802335458 0.734948018815895 1.34517257873421 38
"X.38" 0.450042745291975 0.696224770766869 1.36325783320833 39
"X.39" 0.460830433504717 0.71775899110796 1.34478248652966 40
"X.40" 0.458055039381022 0.696968402132327 1.35022688065273 41
"X.41" 0.458415845778468 0.701840805264495 1.36382043059592 42
"X.42" 0.450525888060913 0.729831474249522 1.36586140919497 43
"X.43" 0.45850148481942 0.710313871886548 1.32976651404169 44
"X.44" 0.459832171994318 0.706083372062919 1.34379452838338 45
"X.45" 0.471907075448883 0.722512158149788 1.33839166770933 46
"X.46" 0.464268270453497 0.69173624382431 1.35911280500588 47
"X.47" 0.45158398812505 0.705942918742169 1.33770674670702 48
"X.48" 0.456086171311144 0.730807487007557 1.34417738713978 49
"X.49" 0.454730342854097 0.730279088570758 1.34641811026015 50
"X.50" 0.447536579750201 0.73292054922605 1.33174924374056 51
"X.51" 0.455860458780081 0.743915555423981 1.34131921695159 52
"X.52" 0.462425518918462 0.72931315649379 1.33749940482184 53
"X.53" 0.459575307568295 0.715374179190152 1.34146062639589 54
"X.54" 0.456721505669411 0.709185305322524 1.34138265055948 55
"X.55" 0.466970459612928 0.711722070300293 1.33464345778462 56
"X.56" 0.455990694478118 0.719527210927662 1.31449755929623 57
"X.57" 0.456323772378965 0.72508963972727 1.33782653287483 58
"X.58" 0.454826739597552 0.709672488402723 1.3291859207699 59
"X.59" 0.455771000012547 0.74598042410174 1.34696233310326 60
"X.60" 0.45229934837359 0.708829313093665 1.32947284089325 61
"X.61" 0.446799110330865 0.708874461162922 1.35071962947832 62
"X.62" 0.450522081613093 0.717552989035515 1.35268665939589 63
"X.63" 0.452430648152206 0.718776852048131 1.37344520622995 64
"X.64" 0.462699722418946 0.714848709310774 1.33856805812352 65
"X.65" 0.461109892698515 0.73659606114351 1.33789632419255 66
"X.66" 0.462283588116258 0.706316208749116 1.33441576414262 67
"X.67" 0.455937173659232 0.725646027631126 1.34049709863119 68
"X.68" 0.457847366559917 0.717171649098999 1.35199232332491 69
"X.69" 0.453113175765383 0.703373901515496 1.32395394252423 70
"X.70" 0.445752301223313 0.716939705112001 1.34623576749116 71
"X.71" 0.458355929262495 0.727907355456643 1.35774752846073 72
"X.72" 0.470691309302636 0.699383889260603 1.33122908745833 73
"X.73" 0.452855028898977 0.702328706334337 1.33722476924303 74
"X.74" 0.451645006795153 0.707029857359654 1.32625635972696 75
"X.75" 0.456841565273956 0.715137883621747 1.32439103126733 76
"X.76" 0.459625115938398 0.693514334739823 1.3381200929745 77
"X.77" 0.451660850956722 0.697208034920478 1.34582790291481 78
"X.78" 0.45465635224435 0.71035948886388 1.35235487862538 79
"X.79" 0.447229877350973 0.713932553912851 1.344950219726 80
"X.80" 0.446645293552461 0.71340555131223 1.37350786198171 81
"X.81" 0.447168370254102 0.706415433158007 1.33093863434902 82
"X.82" 0.446802957597936 0.726305682362618 1.31939052278998 83
"X.83" 0.45767919763416 0.716324596301636 1.33554834185914 84
"X.84" 0.458406049534843 0.733499087842231 1.35309267068349 85
"X.85" 0.453308197762406 0.725846867535118 1.37570479729676 86
"X.86" 0.46423106019466 0.724307463427243 1.32569691416462 87
"X.87" 0.459827016434409 0.720281064170005 1.32045720996732 88
"X.88" 0.463365209115514 0.722472446635666 1.33278468077677 89
"X.89" 0.461126885670771 0.732624621914926 1.3267949261109 90
"X.90" 0.461862738179021 0.728716588029791 1.34912252653821 91
"X.91" 0.453516074076781 0.716275664525463 1.32392886486612 92
"X.92" 0.456436498953006 0.723714814618023 1.35873642851077 93
"X.93" 0.455227029994284 0.715109214371125 1.38295101254345 94
"X.94" 0.454043210951861 0.710908362586272 1.34876927547129 95
"X.95" 0.447884120071129 0.730518513286092 1.37023680148464 96
"X.96" 0.455377471156714 0.737108162292056 1.33472555792074 97
"X.97" 0.455312022505601 0.732750576050583 1.34781653461823 98
"X.98" 0.457461259381595 0.717179398953815 1.36767056534385 99
"X.99" 0.452956944837237 0.702805330003509 1.35284201794171 100
"X.100" 0.457302842775325 0.711648065689471 1.35280465275891 101
"X.101" 0.471729397689729 0.731042150463221 1.31410230611279 102
"X.102" 0.462216026442967 0.739411982465201 1.35164615044621 103
"X.103" 0.4527974440831 0.742452810743045 1.35473706349111 104
"X.104" 0.456377886934625 0.738694226173835 1.36798162889473 105
"X.105" 0.454128654703413 0.726484732753446 1.34778493692228 106
"X.106" 0.460244714905074 0.745035669159123 1.36475286644965 107
"X.107" 0.456395615290345 0.717805055216316 1.33672697538779 108
"X.108" 0.445400893218097 0.709110618820431 1.34600814339254 109
"X.109" 0.456537304204651 0.720830501374073 1.37157424341472 110
"X.110" 0.457022626650188 0.713969169333066 1.35007536894009 111
"X.111" 0.46291059935117 0.72588849733286 1.35690908892523 112
"X.112" 0.458243614739608 0.730347690366509 1.34693893110997 113
"X.113" 0.465201970966263 0.743243325743975 1.36805811552377 114
"X.114" 0.459282985993985 0.725287443985646 1.32092561932621 115
"X.115" 0.459528779126608 0.734596641006674 1.36119121231333 116
"X.116" 0.442332419821933 0.731043652614341 1.32604005226667 117
"X.117" 0.458176942900892 0.711441887951469 1.35280500836991 118
"X.118" 0.46100713635261 0.697628169949126 1.35743607246378 119
"X.119" 0.455385995231907 0.707629768808831 1.34658709421901 120
"X.120" 0.455544093934029 0.726356757640643 1.34598093881039 121
"X.121" 0.456524785581006 0.721898240179333 1.32413580847451 122
"X.122" 0.454579507037396 0.717337382872042 1.33469581596409 123
"X.123" 0.452042251985515 0.702255111869453 1.36470240021667 124
"X.124" 0.453612478334723 0.725180118714478 1.36273000422894 125
"X.125" 0.454062258301574 0.714426773354501 1.32774453126043 126
"X.126" 0.452976184276212 0.697095645446913 1.33124877748922 127
"X.127" 0.447913461279357 0.725243499205999 1.35835280535173 128
"X.128" 0.459275445195628 0.718340577017485 1.36064501216503 129
"X.129" 0.452983500679706 0.718515757397959 1.344617725154 130
"X.130" 0.449462943605085 0.704623463284669 1.37753747820961 131
"X.131" 0.452425479956006 0.74009862309101 1.33744528643418 132
"X.132" 0.457465835053357 0.710704508132531 1.33521383831286 133
"X.133" 0.460061448689721 0.713540949193166 1.36207759761485 134
"X.134" 0.446476446706642 0.71835821268721 1.36773173036313 135
"X.135" 0.457860453457272 0.730097373713501 1.35227711997667 136
"X.136" 0.466371300373595 0.754010767543309 1.36472436643635 137
"X.137" 0.461934325005673 0.718028439973169 1.3475369959192 138
"X.138" 0.460554835671318 0.729176484397218 1.34026779065291 139
"X.139" 0.45654974578641 0.721860068665864 1.34126518296289 140
"X.140" 0.453401786888503 0.731553011945681 1.3525046194991 141
"X.141" 0.446050438315619 0.709562555347632 1.31847955122336 142
"X.142" 0.464346200113267 0.714298350818949 1.34246551859543 143
"X.143" 0.453214185763184 0.7397578893437 1.33101150924127 144
"X.144" 0.465014307214119 0.715867210743608 1.33684935246485 145
"X.145" 0.45223341861618 0.719072491942111 1.34867518884586 146
"X.146" 0.459388263059034 0.703803146722663 1.33166600174869 147
"X.147" 0.460049586250277 0.719892564314811 1.33703119629238 148
"X.148" 0.45720238925854 0.703298208362211 1.33130820801831 149
"X.149" 0.458542306743697 0.707799993695582 1.32581724791415 150
"X.150" 0.470018375003651 0.732475300897241 1.327381304148 151
"X.151" 0.451049066347603 0.705490723595059 1.31168189368374 152
"X.152" 0.45572820728355 0.717056665351117 1.35022821631706 153
"X.153" 0.454914053520237 0.723602214645694 1.34536795540169 154
"X.154" 0.456668912988972 0.719643845691809 1.32840499543862 155
"X.155" 0.46748535976999 0.716879587861829 1.35528633102921 156
"X.156" 0.452583666471894 0.692060226416334 1.3393858210888 157
"X.157" 0.454738985470625 0.70034640374551 1.3489638296027 158
"X.158" 0.454223424931125 0.718850728035646 1.33066285220059 159
"X.159" 0.461480947577285 0.709215309709873 1.37276184965352 160
"X.160" 0.457612327321685 0.68020587358892 1.34329775668116 161
"X.161" 0.45424362861057 0.716261125011289 1.32428241166414 162
"X.162" 0.456092433224387 0.701593620472631 1.34306578774041 163
"X.163" 0.447875977963046 0.728189775805819 1.36666503553966 164
"X.164" 0.453651769789829 0.7259061104085 1.32402006244768 165
"X.165" 0.455850738896563 0.698709735562642 1.34835895058616 166
"X.166" 0.453802417361093 0.722769542625978 1.3542050382836 167
"X.167" 0.460104589824676 0.736451302971637 1.33638158910414 168
"X.168" 0.454382388998989 0.728147639343207 1.34735260649872 169
"X.169" 0.464435061103301 0.716706823722291 1.32003364593759 170
"X.170" 0.449873939916271 0.705017250202778 1.32595169294172 171
"X.171" 0.473299522236289 0.724868614942204 1.35773605281393 172
"X.172" 0.460768725237421 0.701688053249766 1.37221574770807 173
"X.173" 0.458682036587386 0.696120200909415 1.34267853122371 174
"X.174" 0.44625773236017 0.714929162385101 1.36926697365136 175
"X.175" 0.451328847185051 0.724561150287622 1.34514259941247 176
"X.176" 0.451510851974925 0.720189576456894 1.34518761664255 177
"X.177" 0.454198421847755 0.72631473569924 1.38974536654573 178
"X.178" 0.459501240261564 0.725447359424513 1.35264615511992 179
"X.179" 0.457234203346089 0.723634054881481 1.35304863641132 180
"X.180" 0.454925747416254 0.722619156185732 1.35015259847208 181
"X.181" 0.460808874708633 0.70958673441208 1.35630521927937 182
"X.182" 0.460671044163521 0.723348411866998 1.33408306360671 183
"X.183" 0.453404433081022 0.728880193905659 1.33996388743723 184
"X.184" 0.463347095864669 0.708533312176899 1.36031296891446 185
"X.185" 0.458096160811156 0.730067585613718 1.36316574601291 186
"X.186" 0.4578956367183 0.711952943621529 1.3360110558198 187
"X.187" 0.449291852704375 0.710744003591329 1.34462782768709 188
"X.188" 0.463368486138189 0.742558236138531 1.34404429974568 189
"X.189" 0.458426856659226 0.736776922108059 1.30893792794714 190
"X.190" 0.454071790691583 0.717314955176117 1.36845944578887 191
"X.191" 0.462243324832856 0.700678589268461 1.3551281814223 192
"X.192" 0.453250359554196 0.709704431252859 1.33377345082928 193
"X.193" 0.453157930984035 0.724335702155348 1.33121287170307 194
"X.194" 0.459186470765052 0.691373365354357 1.34621099505065 195
"X.195" 0.464209270087085 0.691331353919184 1.34540486787756 196
"X.196" 0.455419327093489 0.707874870872021 1.35033334206598 197
"X.197" 0.456593796409581 0.720781412300926 1.3523980650671 198
"X.198" 0.446551073950754 0.714855340085105 1.33798648735744 199
"X.199" 0.451897013785631 0.686306487806372 1.33802676881888 200
"X.200" 0.452306880078417 0.726394453115922 1.35770966017301 201
"X.201" 0.459392937996371 0.719749703549805 1.34681203221139 202
"X.202" 0.467620009327366 0.71404140610691 1.36651949948443 203
"X.203" 0.462606636780314 0.714168765857474 1.35462324920632 204
"X.204" 0.444508733710291 0.717128092763302 1.35159102022711 205
"X.205" 0.452593498010636 0.702157342715337 1.37017473895755 206
"X.206" 0.454609267948439 0.709889746397677 1.34297187475618 207
"X.207" 0.457227649525839 0.718083218255681 1.31808267203998 208
"X.208" 0.458669555532576 0.708132955657531 1.36563476224614 209
"X.209" 0.464009369686726 0.717121562678082 1.35166082207733 210
"X.210" 0.463887527318727 0.706559273395716 1.3797074873411 211
"X.211" 0.453657840592362 0.721112215034963 1.34361208717267 212
"X.212" 0.457657704410978 0.714076067015777 1.33539787232093 213
"X.213" 0.448059991955824 0.700206771613483 1.34328832749373 214
"X.214" 0.458141386979445 0.704896659126689 1.37046308480234 215
"X.215" 0.446651437740961 0.712957770054762 1.34636204334648 216
"X.216" 0.453584805914739 0.74693794998196 1.33903849906058 217
"X.217" 0.449320641504206 0.706045200213922 1.33335965516389 218
"X.218" 0.450322101372011 0.702728018785662 1.3217033447963 219
"X.219" 0.462885598313224 0.698422861187213 1.35491626602853 220
"X.220" 0.446827774274846 0.701991568386604 1.3374105880772 221
"X.221" 0.455832636619254 0.714625484558527 1.33514849139158 222
"X.222" 0.453957280726115 0.701965514621207 1.35295023819335 223
"X.223" 0.467672490021998 0.740243592015961 1.34455187951732 224
"X.224" 0.446112967492416 0.735383685373586 1.3343191024152 225
"X.225" 0.465838075844256 0.738081348288414 1.34875893104292 226
"X.226" 0.453374390938259 0.729182592085265 1.36721052965181 227
"X.227" 0.456873767285645 0.717362632932628 1.3376046372436 228
"X.228" 0.465156349833738 0.72185665754586 1.33009500384806 229
"X.229" 0.46366436758237 0.710090233906658 1.32850499425046 230
"X.230" 0.472028539906871 0.701053871346897 1.34785547276945 231
"X.231" 0.453344441325067 0.725971267888841 1.32562154338446 232
"X.232" 0.463134535746907 0.730718713063993 1.35041564970409 233
"X.233" 0.464374380880674 0.704235191187207 1.33427720937283 234
"X.234" 0.447255400568219 0.712055440981236 1.3280401933703 235
"X.235" 0.464617304411203 0.72355754894608 1.34607373841939 236
"X.236" 0.442164394961478 0.716364236425438 1.33218325458179 237
"X.237" 0.459186405579995 0.709745868615596 1.33217617396091 238
"X.238" 0.455665691084725 0.680712609492869 1.33779950174697 239
"X.239" 0.453059226321975 0.715142179819438 1.32515040627722 240
"X.240" 0.458377614681035 0.686464706340244 1.35908737937344 241
"X.241" 0.452196328056519 0.724207602741408 1.34042283752188 242
"X.242" 0.453319219907703 0.709530595112635 1.35050295383646 243
"X.243" 0.459443129903026 0.723062014255366 1.36396770835135 244
"X.244" 0.44556355720319 0.723124962847803 1.35075889097103 245
"X.245" 0.4688840998292 0.723759710599925 1.35242090899803 246
"X.246" 0.465662473564376 0.705211519741169 1.3427957608735 247
"X.247" 0.447275086131159 0.718707197377589 1.36255935273073 248
"X.248" 0.457093284265645 0.722917698151753 1.32784403478498 249
"X.249" 0.452364579828628 0.71547796886603 1.35392374009537 250
"X.250" 0.450225190100676 0.720918304767777 1.36149097264679 251
"X.251" 0.45132384769617 0.7102740900933 1.33331556698147 252
"X.252" 0.457068310135599 0.725829445912777 1.36886341195261 253
"X.253" 0.46764289837465 0.705390775450513 1.34000805767053 254
"X.254" 0.455150068879352 0.71983353237393 1.35371824259503 255
"X.255" 0.45239896772782 0.720717645781259 1.3216172053591 256
"X.256" 0.450164565773947 0.740473370287592 1.360338714579 257
"X.257" 0.462892944096878 0.717055160793818 1.35071255295708 258
"X.258" 0.444128109817703 0.708517715674467 1.34101335482557 259
"X.259" 0.463202559330862 0.721634263861607 1.34131865245641 260
"X.260" 0.453561992150831 0.709582216089112 1.33421804716771 261
"X.261" 0.461216692406332 0.724692274096244 1.33341980839391 262
"X.262" 0.464261179207838 0.716185873906164 1.33681241851488 263
"X.263" 0.451861353645024 0.690670854210064 1.31581122333422 264
"X.264" 0.455028785758364 0.710234114670191 1.35216446351018 265
"X.265" 0.450278121599962 0.708008799572509 1.33836997584756 266
"X.266" 0.453842090565182 0.687322139363529 1.36093202704387 267
"X.267" 0.459796557096299 0.698061943749351 1.33163405369995 268
"X.268" 0.461696358922765 0.720276107184497 1.34646497779075 269
"X.269" 0.455532819778968 0.707159548833405 1.34848531592944 270
"X.270" 0.461610285242438 0.726213693086939 1.33721818334169 271
"X.271" 0.459491035329411 0.722573059468965 1.38231423509007 272
"X.272" 0.451152736728862 0.726076685981641 1.35323689146693 273
"X.273" 0.465224668509181 0.724904848347131 1.3524895595812 274
"X.274" 0.453961720890807 0.718272357276487 1.35153510253661 275
"X.275" 0.459086179213305 0.702622091938338 1.3314846243837 276
"X.276" 0.458587756950224 0.712305243308504 1.3323096672347 277
"X.277" 0.456108199163426 0.696845872035035 1.36867585947153 278
"X.278" 0.447456829784464 0.745308739696867 1.33922343101726 279
"X.279" 0.459116476115491 0.697136368926671 1.35145085252957 280
"X.280" 0.450109387236103 0.712660455475173 1.318406312837 281
"X.281" 0.456041987665542 0.698680409465674 1.33355541604157 282
"X.282" 0.463668001179266 0.72105924264572 1.36528182381949 283
"X.283" 0.456178314353751 0.717981536731332 1.34495523475849 284
"X.284" 0.447215363108895 0.723894497226982 1.33658510194174 285
"X.285" 0.457165309858146 0.713029480707873 1.3288702504613 286
"X.286" 0.454206896933525 0.700563254168591 1.34775722599207 287
"X.287" 0.44923333610723 0.719141275398653 1.36231151789935 288
"X.288" 0.45628762201444 0.719772479751234 1.36494234080605 289
"X.289" 0.460254824406229 0.700785338315124 1.35675858552445 290
"X.290" 0.456580383794569 0.722031273209159 1.3231834970972 291
"X.291" 0.461956200243376 0.702617155426331 1.34117230889904 292
"X.292" 0.460459570314623 0.73450445471387 1.36960959201205 293
"X.293" 0.453629021518943 0.706693954825134 1.33730133255628 294
"X.294" 0.45032538273305 0.714663074541003 1.35472021272495 295
"X.295" 0.458117215251844 0.700774798219092 1.34094485037277 296
"X.296" 0.449191931216159 0.707781917644933 1.35650614299474 297
"X.297" 0.459315371758951 0.707528984996226 1.36708793762462 298
"X.298" 0.458112026587831 0.736943210057789 1.36139938065187 299
"X.299" 0.447162958526032 0.727021767562668 1.34055521820315 300
"X.300" 0.460015440937404 0.724522225428416 1.36462921872192 301
"X.301" 0.447313472335984 0.731244059427906 1.33908207636281 302
"X.302" 0.458961881831763 0.712424746036939 1.33946055046232 303
"X.303" 0.451514034236907 0.711041518958625 1.34618847400391 304
"X.304" 0.451154261829479 0.680368908472185 1.34216103163256 305
"X.305" 0.457177584395856 0.721771058262869 1.32429158238043 306
"X.306" 0.457956367123205 0.725731167077365 1.35526880972216 307
"X.307" 0.462303021489692 0.738202995095808 1.36257711201084 308
"X.308" 0.45578883425982 0.695980191339487 1.33864635943908 309
"X.309" 0.451888185752434 0.703584344804248 1.35012197702238 310
"X.310" 0.457464344001678 0.703451836026657 1.35908951214362 311
"X.311" 0.45484699554623 0.730885708337366 1.3446683088084 312
"X.312" 0.454323786246214 0.734058327381505 1.3578857013554 313
"X.313" 0.45328776637135 0.717847097587877 1.33106306758063 314
"X.314" 0.452188676365343 0.728981248935684 1.35731921296136 315
"X.315" 0.444412475779547 0.713802435041541 1.34538725180454 316
"X.316" 0.460331389081723 0.699672505143055 1.32341495066876 317
"X.317" 0.457897956093977 0.725843401892997 1.35324485288017 318
"X.318" 0.44885052036862 0.744879552236896 1.3743568019856 319
"X.319" 0.454496859888564 0.695446679473576 1.3762485810024 320
"X.320" 0.454311381744686 0.706119635096074 1.34167143390226 321
"X.321" 0.451826675385905 0.702612142966373 1.362642178828 322
"X.322" 0.462991825235133 0.689490166979912 1.33268899650209 323
"X.323" 0.459267461952031 0.718992505390745 1.34425405309392 324
"X.324" 0.456458550177696 0.714834221207497 1.3360891988534 325
"X.325" 0.461119396900981 0.709660347209286 1.35041056160854 326
"X.326" 0.447602371341938 0.713454078041095 1.33972545925521 327
"X.327" 0.441446521580744 0.726033437537856 1.35439391956241 328
"X.328" 0.450040827147284 0.717346840437317 1.33704964047716 329
"X.329" 0.45223007154729 0.730586612224139 1.34880155673569 330
"X.330" 0.45489816571205 0.719173866395154 1.35732213971477 331
"X.331" 0.466774287454227 0.700163249751264 1.34155925568064 332
"X.332" 0.453871595163176 0.713285614378365 1.33069753372564 333
"X.333" 0.453049365982888 0.716193951461208 1.37177624478437 334
"X.334" 0.462534306114199 0.722335806800776 1.31319260758697 335
"X.335" 0.457221674876557 0.71351599339184 1.32284991154938 336
"X.336" 0.455283140027703 0.71189717499162 1.37567851579055 337
"X.337" 0.457151116191188 0.713229666223394 1.31722602033494 338
"X.338" 0.455798544437187 0.715981369216453 1.35553906557457 339
"X.339" 0.457228962157604 0.711965251076686 1.34570322518337 340
"X.340" 0.454528052007348 0.723883943511113 1.34907557668483 341
"X.341" 0.453026200053185 0.70818019692967 1.35489444438831 342
"X.342" 0.457713705384633 0.739251337932079 1.32040216473003 343
"X.343" 0.446362886950729 0.717153199670704 1.33674427917705 344
"X.344" 0.456008155324527 0.7182811312582 1.35560471141429 345
"X.345" 0.458048489720479 0.732031748710295 1.32309541494738 346
"X.346" 0.456317281467799 0.712559229125375 1.35591214231324 347
"X.347" 0.46102324342938 0.720304637207225 1.31615340183434 348
"X.348" 0.455722325158822 0.725393992964738 1.31799034942661 349
"X.349" 0.458907776211946 0.703388143616141 1.34122456797942 350
"X.350" 0.455602641363838 0.70731296323841 1.34435837149056 351
"X.351" 0.453831087388748 0.72342256244853 1.3386097507993 352
"X.352" 0.465856715001798 0.726785802761749 1.32795578524431 353
"X.353" 0.452154711524621 0.714839862681412 1.36716962078205 354
"X.354" 0.470196446418358 0.720164133922295 1.33106083148412 355
"X.355" 0.46191641704912 0.715402822144211 1.3559296003533 356
"X.356" 0.458138578475584 0.736846930627599 1.32392144979541 357
"X.357" 0.457902020206164 0.717834569698369 1.38899844099233 358
"X.358" 0.454174010814406 0.699040271105124 1.30514240059344 359
"X.359" 0.45123807109398 0.700115117025317 1.35339898267551 360
"X.360" 0.463078883004677 0.711208277520724 1.37268417184074 361
"X.361" 0.451492241165362 0.700412342456058 1.29915749539262 362
"X.362" 0.461545425449827 0.725624671032875 1.35148242302279 363
"X.363" 0.450516698359426 0.698795272196728 1.35356368748057 364
"X.364" 0.462366958286314 0.737585762978075 1.34077398586246 365
"X.365" 0.459921719540427 0.719821428883751 1.34031002358932 366
"X.366" 0.455374754307812 0.713992565601487 1.34497073137216 367
"X.367" 0.461209070873043 0.725079353963292 1.33542707147594 368
"X.368" 0.458654137322671 0.722284636994519 1.34212807465995 369
"X.369" 0.452128597598697 0.721981629226822 1.3623815352341 370
"X.370" 0.451380544407851 0.71253473687436 1.3356290903315 371
"X.371" 0.462978345286935 0.728479527126385 1.3483880114464 372
"X.372" 0.453268473371147 0.700717613689036 1.34908570242265 373
"X.373" 0.45949923341782 0.705055475047285 1.33970317986979 374
"X.374" 0.456553768531358 0.728389506788069 1.34598906971657 375
"X.375" 0.443689358515275 0.729675351305062 1.35477014096096 376
"X.376" 0.448471485261101 0.705429705391685 1.33056294408941 377
"X.377" 0.459537376812395 0.735335322302805 1.34167221050493 378
"X.378" 0.451276915822668 0.701383726032432 1.34340740562755 379
"X.379" 0.467824968346979 0.695038626874411 1.34853246007311 380
"X.380" 0.446390868394533 0.715072498112677 1.34576068413736 381
"X.381" 0.454003029844215 0.707092621947166 1.36401305786937 382
"X.382" 0.460815582002085 0.717946943928581 1.35973952272616 383
"X.383" 0.463960210194716 0.710775016009638 1.36615484429549 384
"X.384" 0.456019103668854 0.722955319633442 1.37054863852877 385
"X.385" 0.464874042376365 0.714651305103365 1.35837428276239 386
"X.386" 0.452843649766607 0.707304737504621 1.32292567223275 387
"X.387" 0.461512454579912 0.70809129540785 1.3606653321328 388
"X.388" 0.45284526591209 0.691835883162893 1.36353850605682 389
"X.389" 0.450993332246168 0.708369409377619 1.34512836691046 390
"X.390" 0.454777282205422 0.709408178047305 1.3180904676729 391
"X.391" 0.466257426196253 0.709697441389581 1.30694954455908 392
"X.392" 0.460348584207474 0.701601273010714 1.36119610926562 393
"X.393" 0.450963374767101 0.714863485132782 1.35609187575018 394
"X.394" 0.455767753718872 0.708028961724791 1.34032406422621 395
"X.395" 0.453246969685202 0.701387484929291 1.34607789425309 396
"X.396" 0.454563265230107 0.730544257956255 1.34885147239618 397
"X.397" 0.457416040192341 0.698936519635028 1.34544704606729 398
"X.398" 0.454335982262224 0.719223520614964 1.35246781585047 399
"X.399" 0.47299323259082 0.716958836420443 1.36392507113363 400
"X.400" 0.453574955426123 0.720085423541821 1.32953018545827 401
"X.401" 0.462939592657057 0.724322092523729 1.33681687103952 402
"X.402" 0.469931548029454 0.702815787660464 1.35883298270556 403
"X.403" 0.460269018419135 0.726748400369603 1.34717444492935 404
"X.404" 0.456944394169363 0.721518457587513 1.34120866666815 405
"X.405" 0.454680670827699 0.712169991456584 1.35180374515587 406
"X.406" 0.464514220698691 0.70629907114373 1.34395982479099 407
"X.407" 0.455659224603126 0.722440428456335 1.33547069305336 408
"X.408" 0.456653308107001 0.71515733609411 1.31483842678374 409
"X.409" 0.44403845438154 0.705481886748123 1.32376336098029 410
"X.410" 0.454326319594379 0.712028030064828 1.33411317574584 411
"X.411" 0.446591729849269 0.714814875976664 1.33902758573953 412
"X.412" 0.462736050837687 0.734339663620598 1.37712581622711 413
"X.413" 0.463771130847048 0.711957920395075 1.36348662645537 414
"X.414" 0.460600825471187 0.716172683267105 1.33189006322798 415
"X.415" 0.45235848893254 0.718194406489718 1.33989409430255 416
"X.416" 0.451898296421357 0.739188299264698 1.36379611504068 417
"X.417" 0.462595503100486 0.704669205546464 1.36176535428632 418
"X.418" 0.456408194263821 0.723960182825497 1.37898861673677 419
"X.419" 0.453959159596705 0.700912566052584 1.36311522406128 420
"X.420" 0.453021025021322 0.70768780103724 1.3284044105099 421
"X.421" 0.458829444215862 0.728070547637604 1.36673208807556 422
"X.422" 0.458535676998739 0.709946660436876 1.33573764754442 423
"X.423" 0.4471423321196 0.731076939392818 1.31952995166018 424
"X.424" 0.460641762347939 0.722787458620258 1.33331729004235 425
"X.425" 0.455809736377872 0.714322976511268 1.32703384067654 426
"X.426" 0.452645870385893 0.736553597453649 1.32350912628096 427
"X.427" 0.443013779929308 0.752136938427987 1.33589031202139 428
"X.428" 0.452683632983403 0.723567927625771 1.33878897767016 429
"X.429" 0.472120018296876 0.725920980487157 1.34267125553801 430
"X.430" 0.467157053721484 0.719842854035815 1.33196777846378 431
"X.431" 0.45280520657945 0.710963555015764 1.35044477056168 432
"X.432" 0.447730648654387 0.711942597005109 1.35216808447445 433
"X.433" 0.454588395527998 0.725888387607787 1.36874690292735 434
"X.434" 0.458208406235012 0.726562805118659 1.3502470351401 435
"X.435" 0.456154209101755 0.730643151717063 1.33546327268417 436
"X.436" 0.450603912046547 0.712371236334113 1.34476147054559 437
"X.437" 0.44749004307153 0.73131199732087 1.31979165164138 438
"X.438" 0.444310810531197 0.723313754364174 1.33388454891891 439
"X.439" 0.456078261747572 0.718494607704048 1.35980799647198 440
"X.440" 0.450688860743388 0.718024295859224 1.35710154728938 441
"X.441" 0.467102601803766 0.709301902036845 1.34348270290256 442
"X.442" 0.462527722480428 0.727448469948645 1.35839333227602 443
"X.443" 0.457581527944706 0.704764126858896 1.3597665050567 444
"X.444" 0.445835198704091 0.733923414139668 1.32926478758028 445
"X.445" 0.457920217915672 0.717539164156111 1.34161412103236 446
"X.446" 0.462202992134771 0.712995083909443 1.36236161021897 447
"X.447" 0.449971661483074 0.720825252460927 1.33273720315548 448
"X.448" 0.452452150466669 0.711601730158708 1.34368919170654 449
"X.449" 0.456202239042516 0.712869108656402 1.36096273341874 450
"X.450" 0.460264723424243 0.696853793143983 1.32850980853325 451
"X.451" 0.453968613570919 0.720494612440062 1.32361910530667 452
"X.452" 0.457736286269083 0.750199105599844 1.37887504721767 453
"X.453" 0.45147525858962 0.712644734552994 1.34010949828169 454
"X.454" 0.458771338103991 0.705030539500484 1.35098670841993 455
"X.455" 0.456902325680124 0.722832207035071 1.33769103782119 456
"X.456" 0.45338796223963 0.719596071737445 1.34356971966846 457
"X.457" 0.451304434561524 0.716407751106172 1.35160250876499 458
"X.458" 0.46057192576332 0.727906793247967 1.35179626590583 459
"X.459" 0.455339135223185 0.716406768235885 1.34903751170772 460
"X.460" 0.463961496299301 0.710517420381482 1.31964454126489 461
"X.461" 0.444999166624503 0.718950018995111 1.35594029417565 462
"X.462" 0.44511384784865 0.725129173198974 1.37268197474774 463
"X.463" 0.449396408433889 0.723833315560342 1.35797403413455 464
"X.464" 0.464170057306754 0.71386856027113 1.31101484081984 465
"X.465" 0.454922400643033 0.719292689987043 1.34770293400551 466
"X.466" 0.452042092941299 0.696845258207859 1.32090268001994 467
"X.467" 0.459066033839153 0.693040379972133 1.36750150536613 468
"X.468" 0.44757513567059 0.714913499416784 1.34162539720683 469
"X.469" 0.466798256752769 0.739561985858664 1.33261249505454 470
"X.470" 0.452858145808376 0.727449129330842 1.36517306089468 471
"X.471" 0.454022863384243 0.697463959656028 1.34373893752324 472
"X.472" 0.439509891620242 0.707008536287915 1.31872996759356 473
"X.473" 0.451279443355538 0.710053341094981 1.36861986521539 474
"X.474" 0.451797400685832 0.721890339083888 1.38092034509762 475
"X.475" 0.456725360739536 0.720009244428621 1.33927970837506 476
"X.476" 0.462066953197769 0.715978245271915 1.3252956973244 477
"X.477" 0.452802101203209 0.71082405138972 1.32679498655938 478
"X.478" 0.458963413492045 0.728273643431393 1.34123931000829 479
"X.479" 0.459382213170149 0.723803122074932 1.34732887693684 480
"X.480" 0.448570799976395 0.740568912474369 1.33179358734849 481
"X.481" 0.462176886214772 0.692512864604107 1.34984495172321 482
"X.482" 0.456903892505617 0.707062691771338 1.33629413404253 483
"X.483" 0.469376136829004 0.700154821457002 1.32286356502199 484
"X.484" 0.447856106224108 0.717607002891847 1.32611900228462 485
"X.485" 0.447128984569781 0.736977188725668 1.36427650293699 486
"X.486" 0.467645548062988 0.734898151517397 1.33902663931184 487
"X.487" 0.452575945699948 0.718057251941101 1.3268050072531 488
"X.488" 0.456430853191991 0.706663112481067 1.38303385679687 489
"X.489" 0.466899254002694 0.740731988113287 1.35209430042709 490
"X.490" 0.456743661943428 0.723588731207089 1.34806546959268 491
"X.491" 0.459461141217513 0.715180729243304 1.34079918835296 492
"X.492" 0.471309740905577 0.729041495317302 1.34411397381389 493
"X.493" 0.45891828516615 0.723692490778029 1.34880247717674 494
"X.494" 0.447860440830989 0.720636147505947 1.32267568260952 495
"X.495" 0.456980095790543 0.720018158341122 1.32830528815049 496
"X.496" 0.452758034274478 0.711720254199091 1.35951347853948 497
"X.497" 0.450407839339322 0.692724939284603 1.36409408559349 498
"X.498" 0.450518406561547 0.718092152606104 1.327813482175 499
"X.499" 0.454693949665185 0.723322922863632 1.3397992105616 500
