"ab" 0.583119004647234 2.84157712656171 7.66808812956651 0
"X" 0.59590361286417 2.30953124865794 8.49757819658084 1
"X.1" 0.590223041010862 3.01024672835457 7.4124536276135 2
"X.2" 0.579685464825287 3.07043893879417 7.60698186287582 3
"X.3" 0.594166944253541 2.52825439852936 7.58299812089528 4
"X.4" 0.596034424411672 3.0652375833918 7.40169807863685 5
"X.5" 0.577642101621022 2.58376579394862 6.94847703964789 6
"X.6" 0.575775777044778 2.87621124016825 8.64386162195905 7
"X.7" 0.578635773588074 3.26328808342114 9.73484597135285 8
"X.8" 0.594467056223238 2.35899820766445 7.27405721512572 9
"X.9" 0.58547799414573 3.40354638620285 7.17572513266467 10
"X.10" 0.585604325729042 2.4675028582296 7.22548861350857 11
"X.11" 0.576228578715803 3.35999465160022 7.93678259213961 12
"X.12" 0.579422978380584 2.59988612262928 7.35302269554256 13
"X.13" 0.587434974584123 2.17553318802226 7.74582573842944 14
"X.14" 0.583770908366174 3.03463148036376 7.59614004289961 15
"X.15" 0.57461463388464 4.78143480217512 6.72755523623324 16
"X.16" 0.586367558442555 4.40955310274048 7.02444923911136 17
"X.17" 0.578949601831118 2.23621770207396 7.73347540238722 18
"X.18" 0.586188388445564 3.3227217258135 7.48145637930504 19
"X.19" 0.569414378300808 3.76622826838952 7.80485337422589 20
"X.20" 0.588205467380178 2.5235588860836 7.34307781000454 21
"X.21" 0.582603271358268 3.34522589183518 7.18900359976134 22
"X.22" 0.592375464982195 3.31342887461573 6.78142403580744 23
"X.23" 0.573169141048544 4.43282947271877 9.13343816645133 24
"X.24" 0.588080053682348 2.4015039450105 7.10191193766426 25
"X.25" 0.586621706580433 2.5046899579938 8.22259198694868 26
"X.26" 0.584529899395714 2.9838754803064 7.89004230154035 27
"X.27" 0.594594605096211 2.94397622984864 7.19396478675927 28
"X.28" 0.583679868811077 1.75737151982585 7.57856079748138 29
"X.29" 0.580957352829692 2.90089753456331 8.41932742283746 30
"X.30" 0.580729999585877 3.2014448518155 7.24283272348863 31
"X.31" 0.593956366499042 2.27958997976823 6.99611743013994 32
"X.32" 0.579999209182989 3.17642615999077 7.49121459137417 33
"X.33" 0.585480283099965 2.48133901854215 7.58519627535675 34
"X.34" 0.585234889919006 2.54170255641739 7.88768489087925 35
"X.35" 0.591976746727015 2.85827421751301 8.07336847854281 36
"X.36" 0.598804158211213 4.62667878853746 8.06039839603255 37
"X.37" 0.587752489106045 2.54688201568704 7.47269378397458 38
"X.38" 0.590295564404642 2.65426138827665 7.34444119246789 39
"X.39" 0.582102033706277 2.47875005699365 7.62369909735349 40
"X.40" 0.591115345022555 2.89827349538349 7.41556585217336 41
"X.41" 0.594640803786157 2.6547725448041 7.95500414708241 42
"X.42" 0.585793893798583 3.98181522889261 7.56170084422615 43
"X.43" 0.583642323219001 2.40186202227807 7.5984050091554 44
"X.44" 0.588163881820263 2.40076084196839 6.67205463610084 45
"X.45" 0.590599068446551 2.96205597965807 8.08860639072318 46
"X.46" 0.582714056839615 2.73171793898302 8.14349353320213 47
"X.47" 0.586766100622934 3.22103764293555 8.61067825404788 48
"X.48" 0.584068258721018 3.69794295183344 7.77857576791506 49
"X.49" 0.584661469207303 3.36333905886939 7.38227146373277 50
"X.50" 0.592613637650893 1.90881029163762 8.48748112933772 51
"X.51" 0.579505864464099 3.19389080741141 7.20138458071128 52
"X.52" 0.579819097759703 3.12104462063644 7.8313795678362 53
"X.53" 0.590802677521828 3.63334058096841 7.3101318966458 54
"X.54" 0.591895863403185 2.78422364168591 8.56077742003598 55
"X.55" 0.593753006904722 2.19418649218358 7.10053530938256 56
"X.56" 0.576301986387031 2.30572742953623 7.32342127576496 57
"X.57" 0.585464089118209 3.05339635543313 7.49944531194206 58
"X.58" 0.569455473800519 2.99075537462412 8.09741628933996 59
"X.59" 0.592543536412305 2.9853962808394 7.83097686454473 60
"X.60" 0.589158245266065 2.81073115521966 7.12563796705758 61
"X.61" 0.578393333913664 3.28031328585451 6.95469440665163 62
"X.62" 0.592906242552373 1.89970755222567 7.24346513174124 63
"X.63" 0.597565375493036 3.13103448587377 6.83277127665214 64
"X.64" 0.583302752673931 2.90872335515879 8.15405823198333 65
"X.65" 0.592573830698465 3.91327665471776 6.87630740610212 66
"X.66" 0.585930393081264 2.15215037947916 8.15057338835651 67
"X.67" 0.585005172874142 4.56753903341627 6.54390736122283 68
"X.68" 0.581227837895859 4.30228372203336 7.76632248845561 69
"X.69" 0.579498497507874 2.09228493192448 8.91949273815429 70
"X.70" 0.588913330967497 3.12048714273144 7.24799751879863 71
"X.71" 0.582325996093748 1.88705863088598 7.26459697997525 72
"X.72" 0.585558044909334 2.36204899371822 6.38396240131884 73
"X.73" 0.59461732599145 2.47165429370113 6.86451292933273 74
"X.74" 0.584961086900196 2.3663597545333 6.5634656662547 75
"X.75" 0.581412478399768 3.14250591722144 6.83643619694265 76
"X.76" 0.593785612805778 3.06661774871167 7.66849863549973 77
"X.77" 0.582500081047574 2.33985521977161 8.47269604815006 78
"X.78" 0.600828938669464 2.97593989422394 7.78210743009044 79
"X.79" 0.58401167507972 1.9535370580381 7.749749841382 80
"X.80" 0.583045524206179 2.94060719367049 7.74369970084282 81
"X.81" 0.574972273687509 2.71422590372984 7.18961571543112 82
"X.82" 0.585554883793953 3.03964348550718 7.80769387772516 83
"X.83" 0.587144865898735 2.92254970716028 6.76023677468581 84
"X.84" 0.587957915054131 3.68115955762699 8.25786493917288 85
"X.85" 0.574855438939546 2.52672295138434 8.5255194890741 86
"X.86" 0.599876439114809 2.48016202270812 7.13499752200594 87
"X.87" 0.594100071978457 2.45765306878312 8.01644989232859 88
"X.88" 0.586565469445645 3.12835668798036 7.88498456418787 89
"X.89" 0.586535269751542 2.61891683534501 7.50476745741091 90
"X.90" 0.600387819068309 3.72194235211674 6.45731770234707 91
"X.91" 0.576802883768458 3.33803674840425 7.49863956628679 92
"X.92" 0.582712218333519 4.1494508905519 7.94010763599125 93
"X.93" 0.582860219528091 2.4788207381528 9.05399264476157 94
"X.94" 0.580420448328929 2.45756151450041 7.13985712096121 95
"X.95" 0.5876952325213 2.66731874782716 6.61576200557252 96
"X.96" 0.578247045867678 3.33579057616229 7.49805826483248 97
"X.97" 0.585023663427051 3.72846687194138 7.26246442446584 98
"X.98" 0.590708175853571 3.06364800678163 7.3201956097858 99
"X.99" 0.591209580694538 1.82831161360753 7.14346262949367 100
"X.100" 0.591921284323018 2.14011047312751 7.31871673344267 101
"X.101" 0.579525752913281 2.96720338966212 7.51694661683967 102
"X.102" 0.58537297111536 2.46091097839915 8.3563943138585 103
"X.103" 0.586250598957839 3.25999949001332 8.17515612056582 104
"X.104" 0.592853380725039 3.88404161932175 8.28002120786988 105
"X.105" 0.586723366173432 3.9552633801351 7.3788178775217 106
"X.106" 0.591740596885755 2.56999974375309 7.85019487406819 107
"X.107" 0.587260037563653 3.26435610531285 6.60126642661086 108
"X.108" 0.583479837076085 2.54001463123115 7.24752733997269 109
"X.109" 0.588688158872731 2.76333026457995 7.76438311011508 110
"X.110" 0.580394518867414 2.8549117019583 8.49942061068286 111
"X.111" 0.579186044064341 2.88838214310137 7.54305605900608 112
"X.112" 0.587061205861429 3.09420655300265 8.15443655355582 113
"X.113" 0.590404329212557 3.23394861453579 7.72974712787967 114
"X.114" 0.587525458824975 3.11901948998747 7.94206409274088 115
"X.115" 0.588769708395992 2.45525893387907 8.02357674954673 116
"X.116" 0.589567899731878 3.76159371350805 8.41370747433818 117
"X.117" 0.584613711212616 2.25337875867622 6.98482218583564 118
"X.118" 0.589168525618697 2.17925772972278 7.47137491018562 119
"X.119" 0.579361710420122 2.4987652360055 7.52183410685242 120
"X.120" 0.58912399378135 2.3715594558606 8.67453838902423 121
"X.121" 0.586681381449214 2.95958046625408 6.96815584617037 122
"X.122" 0.588802112562583 2.80176005670043 7.30365273351234 123
"X.123" 0.578499537965398 2.49761665329132 6.93819146103935 124
"X.124" 0.577652520987624 2.89053406166843 7.29785343521017 125
"X.125" 0.591375887252644 2.61474184086783 7.45496494432232 126
"X.126" 0.576171351440234 2.21680430546602 7.31315924378127 127
"X.127" 0.594729428721693 2.55754566136395 9.280759495546 128
"X.128" 0.587664918842461 3.4982536966055 7.62965120332382 129
"X.129" 0.585029784373889 3.2563157732251 7.78558229975483 130
"X.130" 0.58931768871379 1.66392460000997 6.85298462775265 131
"X.131" 0.5762108601323 2.71155862195055 8.13547904023368 132
"X.132" 0.5783580723443 1.99243472521761 7.22865181330375 133
"X.133" 0.587532159449096 3.61091157895145 8.24768747831635 134
"X.134" 0.585732384620672 3.33608320778192 7.7861713929166 135
"X.135" 0.584249417164112 2.47752013123004 7.75193168260138 136
"X.136" 0.581685008005329 3.47740622758328 8.24652180233441 137
"X.137" 0.586706863744394 2.41115331260673 8.32988425353922 138
"X.138" 0.592774395814619 3.77152684915059 6.95614870068998 139
"X.139" 0.592282630855569 3.2481004591027 8.19913720255286 140
"X.140" 0.581946361409983 2.4994944250779 7.86528909276696 141
"X.141" 0.579814359264123 2.36521865224423 7.14987597011391 142
"X.142" 0.588894321485065 3.02162015913417 7.14529703576424 143
"X.143" 0.583243887897978 2.49783773788479 6.18547158290842 144
"X.144" 0.586668265393498 1.90002831425776 9.10496606807854 145
"X.145" 0.587981474638415 3.61563031222204 7.26821883644913 146
"X.146" 0.589617118553061 3.49104969935191 6.83383546720511 147
"X.147" 0.577207449199235 2.32980741065186 7.61148233113251 148
"X.148" 0.588548026561682 3.13288871461063 9.17217791948798 149
"X.149" 0.590126324374601 4.54971093797197 7.44050217008586 150
"X.150" 0.599475174754676 2.88638477077806 7.64208437041722 151
"X.151" 0.588068527019681 1.92390304700769 8.18924777146938 152
"X.152" 0.579919150953202 2.9400672438336 7.07358964945236 153
"X.153" 0.579865748629375 3.09821664655877 8.44585311094815 154
"X.154" 0.58683731784164 1.93605445916508 7.76749210883781 155
"X.155" 0.58718811871319 2.96004256949249 7.56505584648176 156
"X.156" 0.5871822642764 2.61985203759882 7.38600091980647 157
"X.157" 0.58429171747805 2.22380549892861 7.85058842567553 158
"X.158" 0.58210846053254 2.7011464626837 8.32160480805596 159
"X.159" 0.586068955602611 2.41282733652994 8.13337906948578 160
"X.160" 0.583658207866884 3.41911171061163 7.18838315518966 161
"X.161" 0.579834888072499 3.4089490014098 7.50739752196873 162
"X.162" 0.586493819174786 2.77221430195022 7.7994736151525 163
"X.163" 0.581953496735203 2.68916502048882 7.77482236723066 164
"X.164" 0.582026929217333 2.48031390317539 7.74302537828835 165
"X.165" 0.586759828068058 3.23180002791288 8.38399992247512 166
"X.166" 0.580423813509168 2.3922076745489 8.06585576952094 167
"X.167" 0.584922688766378 2.2611436999095 7.45832108052359 168
"X.168" 0.577259645436361 2.88440679425303 9.37809310945344 169
"X.169" 0.57789249769852 2.55871023414979 7.21602323563135 170
"X.170" 0.585386722765639 2.35120474494481 7.0030962887604 171
"X.171" 0.590942340858047 1.60610117060405 7.24453050463816 172
"X.172" 0.595314763896137 2.54382790348037 7.16810047603767 173
"X.173" 0.586173866761711 2.65916623952704 7.25641294110238 174
"X.174" 0.576549004240775 2.81503718414478 6.92309661843059 175
"X.175" 0.580927337317118 2.14355271439741 7.90915376581164 176
"X.176" 0.582769602142379 4.16784472918827 7.38922869569773 177
"X.177" 0.593299121157563 2.44986023199625 8.80146971994195 178
"X.178" 0.581907943415295 3.64728378083868 7.40454196889438 179
"X.179" 0.589496854412465 2.43259241825752 8.24065452616675 180
"X.180" 0.586179210835607 2.95810810496938 8.31172765493972 181
"X.181" 0.585606568523071 2.66515432959057 7.77463487854433 182
"X.182" 0.590255745954941 3.33482759886328 6.9713603276179 183
"X.183" 0.58612033391822 2.18556113386155 7.16899578121727 184
"X.184" 0.59406502925104 4.13692751085031 7.8373353258452 185
"X.185" 0.586909567028049 2.94779495424499 7.6890413947337 186
"X.186" 0.602195717772888 2.75958894901645 8.45477362584245 187
"X.187" 0.588297374497422 3.45212803080406 7.65048683457116 188
"X.188" 0.585439801870254 3.96973740901921 6.98607998829976 189
"X.189" 0.583347412372206 4.11475260343312 6.16162866212501 190
"X.190" 0.575262591966774 2.94233295554924 7.90034119273905 191
"X.191" 0.582189563111112 2.63512033064684 8.77651366649123 192
"X.192" 0.584236540585352 3.12633110992003 7.58222652524144 193
"X.193" 0.582337678259179 2.10049071406862 8.07004986056423 194
"X.194" 0.593748867688433 3.24683387038098 7.88866567899421 195
"X.195" 0.583327488102458 2.52771024368852 7.96957406843591 196
"X.196" 0.582018562029861 2.22680962461003 7.46515636296729 197
"X.197" 0.587549606646028 2.68840340429327 7.73709034366469 198
"X.198" 0.577701522578807 2.81963903984498 6.50135547565927 199
"X.199" 0.590660455174752 2.48224057663691 8.29825029694463 200
"X.200" 0.587372028097958 3.34624865797054 7.68361435529186 201
"X.201" 0.578290799111442 2.82692954169895 7.55506904370829 202
"X.202" 0.588134942029568 3.90154682041009 6.86480920420675 203
"X.203" 0.580493804750025 1.9516527170728 7.10168350344725 204
"X.204" 0.578401314593216 2.42725024568092 6.47621556776144 205
"X.205" 0.581963008819684 2.06533658322461 7.34190794805913 206
"X.206" 0.586378427905079 2.9193115564213 7.46000642890176 207
"X.207" 0.589888023505647 3.22373455372671 7.85537055960223 208
"X.208" 0.589339444522696 2.99273617575437 8.41588539022664 209
"X.209" 0.589108780544866 3.48461453978411 7.44022810414983 210
"X.210" 0.585728023430521 1.78969464680502 7.57346260121686 211
"X.211" 0.583198914273826 3.68076238059543 8.09117516698325 212
"X.212" 0.585678145524165 2.78307613387244 7.55024974581806 213
"X.213" 0.579672645326675 2.29843528302603 8.87614581745515 214
"X.214" 0.581952878264759 2.96578901751692 8.35952783507105 215
"X.215" 0.582384286551002 3.53953850096212 6.98851363112055 216
"X.216" 0.594781891150081 2.71850220954142 6.92963996986699 217
"X.217" 0.577583157097524 2.22422056256237 7.18622468523182 218
"X.218" 0.579388639590822 3.49441567755487 7.10032953728425 219
"X.219" 0.59132570711829 1.99361337681793 6.5865384077393 220
"X.220" 0.582524286300634 2.19239594849652 6.89935757455784 221
"X.221" 0.576499389486291 2.66405216718856 7.91936359130127 222
"X.222" 0.579790125710597 3.05367945171387 6.46614352533073 223
"X.223" 0.594750684577888 4.02134288190839 7.3211059836711 224
"X.224" 0.581868845717531 2.69206306139894 7.23688043155153 225
"X.225" 0.591148159210181 2.94286122610832 9.44591216596273 226
"X.226" 0.574892865120399 2.30317665264809 7.63131962440444 227
"X.227" 0.574548062389295 3.19980592309881 6.48272290868482 228
"X.228" 0.588267251783046 1.89484302712556 7.03987738598482 229
"X.229" 0.587201685290707 3.23918058688671 8.44684841132534 230
"X.230" 0.586662335115587 2.85136414295049 6.9709158230868 231
"X.231" 0.584089464638066 3.31179834913334 7.01050158688686 232
"X.232" 0.581847093836933 2.61133335582613 8.75144194681957 233
"X.233" 0.588380158337592 2.87913096568294 7.78618684822336 234
"X.234" 0.578124078917695 2.70919810773382 7.2493690049041 235
"X.235" 0.587827205942854 2.56643559298707 6.7714276916379 236
"X.236" 0.577568432242824 2.00558649867444 7.30849672639467 237
"X.237" 0.586618389291687 2.43068660903168 6.88973388907196 238
"X.238" 0.579968295299561 1.98301914624926 7.3516980405823 239
"X.239" 0.585997556214221 3.99709322956964 7.60258533352956 240
"X.240" 0.582877655183203 2.53150152176027 8.41982413763038 241
"X.241" 0.581622263645645 3.04059815489105 7.32390029747108 242
"X.242" 0.57022710304253 2.67037603790441 7.44693005598015 243
"X.243" 0.59296853498301 3.77486450534353 7.50521939151417 244
"X.244" 0.580213488961953 3.18870719044013 7.36329223325763 245
"X.245" 0.592135740191088 3.17499678980434 7.51228785102121 246
"X.246" 0.591807244424841 3.85445322943283 7.30138225715513 247
"X.247" 0.586565190475004 3.02473375364626 7.56218398763123 248
"X.248" 0.582030375021545 2.55988976813895 7.74535436225124 249
"X.249" 0.584590430962248 2.23991645777905 7.19574001956473 250
"X.250" 0.581809032960092 3.15966357619289 7.08511932873246 251
"X.251" 0.592768970453429 3.62360596100382 7.14504506351753 252
"X.252" 0.581990923255901 1.92738992688096 7.41919438940173 253
"X.253" 0.58394286826402 2.75652345236118 7.713669524592 254
"X.254" 0.58912744684808 3.37851809430407 7.7305952243143 255
"X.255" 0.589292240804213 3.94044407459798 7.86025889963632 256
"X.256" 0.58432683233114 3.25961639297042 8.16520902076063 257
"X.257" 0.591180641275099 3.71068988539057 7.94799304483994 258
"X.258" 0.579159124689857 3.95162048680239 7.50716258878428 259
"X.259" 0.578954454755146 2.46806610132988 6.6322917663255 260
"X.260" 0.576786839073712 3.34901744041262 8.46486135227476 261
"X.261" 0.580264663838588 2.51365116093794 7.0709706577679 262
"X.262" 0.587392071386338 2.39383452412913 7.4257993430589 263
"X.263" 0.57371473176401 2.49352030354016 6.69939656009285 264
"X.264" 0.594660155550213 3.25189809200697 7.81153136152231 265
"X.265" 0.574687572134599 2.42934892143916 7.7119039055372 266
"X.266" 0.586456236560533 2.14293214776046 8.36619400496072 267
"X.267" 0.585957244174955 3.16629879313658 6.94893401074257 268
"X.268" 0.593027094175098 2.68314465984326 6.94531859839576 269
"X.269" 0.583583521900665 1.71658219396124 7.76852166723 270
"X.270" 0.583525081766547 2.55204423962986 8.31025595359588 271
"X.271" 0.596546495589156 2.70029068852802 8.43696137048189 272
"X.272" 0.591156949584149 3.36112868687319 7.58728806630463 273
"X.273" 0.590272763384722 3.87780645228789 6.7372395275688 274
"X.274" 0.587829851793182 3.5115193592649 7.54396971816638 275
"X.275" 0.586505006815311 2.93019124448947 8.33033252288455 276
"X.276" 0.582134144032648 3.31637513652865 6.44115747192906 277
"X.277" 0.583189052835044 3.04285232475555 7.76810226117311 278
"X.278" 0.579250295337067 2.46717587253401 6.92315458132162 279
"X.279" 0.577889734878807 2.32573111696033 6.99115550628271 280
"X.280" 0.58890374572526 2.25994291019166 8.2690984448083 281
"X.281" 0.589135353714458 2.64957258820237 8.24881757000813 282
"X.282" 0.594727704039842 2.40377468129976 7.60460587020002 283
"X.283" 0.585649147595925 3.13488982767593 5.95062098946367 284
"X.284" 0.585136036322132 2.98612914581109 8.22869318453872 285
"X.285" 0.585955124234076 3.78660906941026 7.27772156792034 286
"X.286" 0.586714726724141 2.76263504832562 6.92325716260021 287
"X.287" 0.573185886484255 1.83190889759645 9.29770263010605 288
"X.288" 0.579250484499804 2.81456298217562 7.28208153586021 289
"X.289" 0.580549021718037 2.61402585846655 7.856345732498 290
"X.290" 0.582057492451065 1.94691995832054 7.74778737345789 291
"X.291" 0.586368011749985 2.94713259621661 8.04294688408704 292
"X.292" 0.57097181725086 3.90101104461305 7.9549076968 293
"X.293" 0.582771495956403 2.89324662896977 7.51151274418196 294
"X.294" 0.588043814531079 2.67869558445951 7.99171517204764 295
"X.295" 0.584528711575367 2.6903074298071 8.66934767674518 296
"X.296" 0.578758815862675 2.55237113716653 7.60339875815747 297
"X.297" 0.592656045098162 2.55056926484385 8.10535797815016 298
"X.298" 0.583221440993835 2.98712068036915 7.99269311063594 299
"X.299" 0.582420604720654 2.71430517943066 7.03858616414928 300
"X.300" 0.584275770050265 2.97394079088641 7.60041363342702 301
"X.301" 0.577435482109499 1.94623187282716 7.20890367327235 302
"X.302" 0.587178394810041 2.01691632123562 8.25029704824689 303
"X.303" 0.59437420405675 3.52640312982047 7.36710786432096 304
"X.304" 0.584772601560492 2.18520620195095 8.06814552622041 305
"X.305" 0.586508152250509 2.14284900665249 7.17926511990718 306
"X.306" 0.586322543595481 4.22615122261383 7.43296061185858 307
"X.307" 0.587221902329345 2.925736301823 8.25614745523684 308
"X.308" 0.58410525729379 3.17154062938016 6.87814654849579 309
"X.309" 0.587987596733905 2.23242948047099 6.19288253105424 310
"X.310" 0.585040856611521 2.49805298432388 8.07527746317668 311
"X.311" 0.591828335408453 4.20782980979997 7.37751529528201 312
"X.312" 0.585175283513374 3.66811785271141 7.02901690511314 313
"X.313" 0.592810447247103 2.6951096756684 7.91169251285527 314
"X.314" 0.575984444486284 2.4603640343983 6.73225396958173 315
"X.315" 0.586742670465236 2.37353994356813 9.55502672344801 316
"X.316" 0.584660742313143 2.07923348055865 7.1366580777677 317
"X.317" 0.580103802631177 2.31983876654223 7.87327316503026 318
"X.318" 0.584627696456762 3.16234469097426 9.27059910785603 319
"X.319" 0.568778422813602 2.76386187280347 7.70867213618764 320
"X.320" 0.586366106958913 1.77682697384272 6.75303856281225 321
"X.321" 0.58119012540307 2.24178055103537 7.15587177564683 322
"X.322" 0.593055903884828 3.47556657542594 7.28871614514553 323
"X.323" 0.588818524736218 2.80934501029667 7.6806208585138 324
"X.324" 0.587961833400483 2.26809244803603 7.80632932832287 325
"X.325" 0.590357300438674 2.29220040291139 7.88893421603588 326
"X.326" 0.576351005949557 1.5452278853729 7.95544470543585 327
"X.327" 0.577328570724261 2.34326849719702 7.5424060662075 328
"X.328" 0.586383502840907 2.79068865185055 8.77945096601375 329
"X.329" 0.582739304555773 2.78387691619153 8.40269271734467 330
"X.330" 0.578846722398673 3.42364429082821 7.17486785199494 331
"X.331" 0.590480252810526 2.81258122645803 7.83210638736281 332
"X.332" 0.584636516163 3.66366432781057 9.01441177059528 333
"X.333" 0.582294791319479 2.49408586196851 8.05880519359056 334
"X.334" 0.590315663777542 3.76510461495358 7.14289372540727 335
"X.335" 0.590502980481297 2.52372052956292 7.41436641992074 336
"X.336" 0.577018693810502 2.72242717211997 7.3007805978605 337
"X.337" 0.574503995986208 2.79089625383354 6.45236243115241 338
"X.338" 0.586591818401511 4.2265583839574 8.82671218218928 339
"X.339" 0.576580975884109 3.55310891424011 7.32518820267697 340
"X.340" 0.573776017648393 3.46062093644127 7.82933811979266 341
"X.341" 0.573693447489743 3.57838326073066 7.50884189937702 342
"X.342" 0.591626986517868 2.60604348671834 7.66675364670429 343
"X.343" 0.58531641501721 3.68682528858793 7.72038519957335 344
"X.344" 0.581646946671905 2.76840706539988 8.25586820552853 345
"X.345" 0.579080398805516 2.78116764256814 7.23074288403878 346
"X.346" 0.58262566571086 2.93660428012227 7.30807504592412 347
"X.347" 0.585735067522425 3.37861899664411 7.19792760661707 348
"X.348" 0.595357763095525 2.06339865063712 7.57862864979222 349
"X.349" 0.583501085078707 2.95900606595447 8.63168110029379 350
"X.350" 0.593076108596815 2.23196600236102 7.27585689345983 351
"X.351" 0.578918900646214 2.36849648564035 6.25821580285029 352
"X.352" 0.58370835152174 2.20942671972827 8.22751256060185 353
"X.353" 0.586893588270947 3.76999156018033 8.77679737016704 354
"X.354" 0.59440696403516 1.82083443457813 7.718027147715 355
"X.355" 0.583120028602315 3.18887189794582 6.92450972547607 356
"X.356" 0.570123239161984 1.96748108760156 7.3578409732219 357
"X.357" 0.593230071735447 2.58629451362125 8.4685512250279 358
"X.358" 0.584133873118806 3.34352692801246 6.81386723505475 359
"X.359" 0.581358074568701 2.84494249719901 7.06660690438196 360
"X.360" 0.595537392297042 4.42988515454846 7.42935090005897 361
"X.361" 0.579707887201231 2.40966765037093 7.44711640048279 362
"X.362" 0.587267508370581 4.21066419022395 6.81099216448128 363
"X.363" 0.588667585904436 3.46415530843234 8.714875416766 364
"X.364" 0.591008670261815 2.21238092537987 7.69266248014065 365
"X.365" 0.589796183378104 2.73926632003408 8.34366776398226 366
"X.366" 0.584434283887501 2.0475135070949 8.07619719087998 367
"X.367" 0.599335642723472 2.51759976850642 7.75871106501221 368
"X.368" 0.584836699352027 4.40390947525221 6.83395053462233 369
"X.369" 0.58441202535939 2.47382532070059 7.44643347931904 370
"X.370" 0.588522598318464 2.0237058261838 8.5593856845272 371
"X.371" 0.572449188619666 2.03724252448688 7.6871048619117 372
"X.372" 0.584282056254557 2.0233924599788 7.7815609799676 373
"X.373" 0.590272419621705 3.19054015945376 8.36022421054201 374
"X.374" 0.592847861359494 3.30230596084291 7.75253870262073 375
"X.375" 0.585294433692094 2.2243784513313 7.64727196014438 376
"X.376" 0.589369674789259 3.35836321241431 7.66608330772299 377
"X.377" 0.589508716013362 2.9505270220209 7.68856459014809 378
"X.378" 0.587923471853219 3.13885057484425 7.18675849032906 379
"X.379" 0.575407578141988 2.26949734122383 7.01040101806594 380
"X.380" 0.582425886608195 2.84908510750908 7.86178428568261 381
"X.381" 0.583484590614692 3.2548316619252 7.61295822550876 382
"X.382" 0.583052579659242 2.05942253057786 7.89028273960906 383
"X.383" 0.588240193423899 2.58208358287001 8.0202133591685 384
"X.384" 0.586808628182114 1.93964161759945 7.82670040678761 385
"X.385" 0.58260596731628 3.3760872317933 8.26614105915331 386
"X.386" 0.592322845258439 3.41003700758399 8.14820140696884 387
"X.387" 0.585681663432204 3.42745604478081 7.16232778825206 388
"X.388" 0.584496144592577 1.94262193874197 7.43975464350213 389
"X.389" 0.583768075224941 2.04347855115635 6.79638949595528 390
"X.390" 0.586286066403465 3.0598311793677 7.88190483828991 391
"X.391" 0.587208283110392 3.38788820632762 7.09814710769685 392
"X.392" 0.59554072912536 3.73873439052298 7.54675519224802 393
"X.393" 0.579748056321446 2.320042038011 7.13447424364013 394
"X.394" 0.578467340193423 3.08295153973322 6.42188841450291 395
"X.395" 0.584961833303521 3.00582502659469 7.04221842890224 396
"X.396" 0.57505124119546 2.02728955774145 6.87297627667328 397
"X.397" 0.589673266384384 1.94351060725289 8.95304909726005 398
"X.398" 0.594482474331814 3.38638390219708 8.37517630886921 399
"X.399" 0.588509775107655 2.6306305963858 7.28353171410011 400
"X.400" 0.581462358617619 3.87603829889086 7.30572086552265 401
"X.401" 0.580592430602291 3.1652564200737 6.64958271997751 402
"X.402" 0.592648598080702 3.4030757777678 8.13817239963988 403
"X.403" 0.581173475780981 3.62321547545589 7.83354605011767 404
"X.404" 0.575858571516844 3.07388299972035 6.41916326283986 405
"X.405" 0.582870071069445 2.38028027056964 6.81261433947569 406
"X.406" 0.580590798424954 3.90141977287348 8.18843986595543 407
"X.407" 0.583752950590472 2.84058923574667 6.42975358745657 408
"X.408" 0.584158461464932 2.39534643065553 7.72223501813928 409
"X.409" 0.57847937970891 2.02416972349342 7.00218481538 410
"X.410" 0.585916601187883 3.42435772021783 8.13718822258781 411
"X.411" 0.590941247272565 2.75164795339096 8.07580710033269 412
"X.412" 0.595796318731256 3.5317771862678 6.53350765139567 413
"X.413" 0.582814578356922 2.01735972278635 10.1014515735135 414
"X.414" 0.586130867791173 2.25768324343628 7.6279660861092 415
"X.415" 0.583491647970685 2.07771356624836 7.20204413415116 416
"X.416" 0.585935462747011 2.28210008808347 7.93334472843287 417
"X.417" 0.590968029239555 1.97339117891045 8.33289024342318 418
"X.418" 0.577119873393 2.86627722762938 6.99224702787522 419
"X.419" 0.573888934418955 4.30008620650664 8.07032221514872 420
"X.420" 0.576924662994957 3.51376803902372 9.0151213677998 421
"X.421" 0.582457620335415 3.6695005662701 8.30375787637893 422
"X.422" 0.578478167800274 1.89015892178644 7.32817729401794 423
"X.423" 0.580033726745661 1.82033195814644 8.00079232054487 424
"X.424" 0.583529488419405 1.84280767446372 8.8480114686283 425
"X.425" 0.593283645124175 2.26985851582294 6.5721198129086 426
"X.426" 0.590570109196411 2.96247880396861 7.94897018738576 427
"X.427" 0.578298049543582 1.94952138405779 6.41414699878586 428
"X.428" 0.587652540497723 3.24444201155693 8.531372808725 429
"X.429" 0.594005105899789 2.77481922631515 6.96939860220716 430
"X.430" 0.591320685248068 3.44067207536419 7.7689444812834 431
"X.431" 0.589800891653609 3.42066958415096 6.96721343152663 432
"X.432" 0.573762098947341 3.73528354266571 6.88482715666206 433
"X.433" 0.58151741536899 2.27064545218878 7.54440338016917 434
"X.434" 0.58567361669737 2.54960605437492 8.62848014907066 435
"X.435" 0.580137834245875 2.61706652223367 7.3142064845267 436
"X.436" 0.583891926145358 2.92307519030743 7.27623432724677 437
"X.437" 0.586279340416821 3.23200828989235 6.36721548690945 438
"X.438" 0.587166414089042 4.10258206285 7.40634377372996 439
"X.439" 0.575525382362464 3.51160627088511 7.71667088646843 440
"X.440" 0.567803970913879 2.22355060856146 7.72164690170451 441
"X.441" 0.588266072670113 3.22539951745476 7.4543228171591 442
"X.442" 0.588614310778196 2.76575566741612 7.93260711621587 443
"X.443" 0.599315856571645 3.58663069482151 7.92418101827831 444
"X.444" 0.584187989877675 3.72398341870031 8.18053943035409 445
"X.445" 0.582190105305523 2.95978425823599 7.66388438260657 446
"X.446" 0.583456279952418 4.43983682007663 8.79451170076056 447
"X.447" 0.585508699758215 2.53778276046301 8.22335598927129 448
"X.448" 0.574484597774735 2.37752674149615 7.63660661401724 449
"X.449" 0.585463863656113 3.6192049571698 7.20229584386926 450
"X.450" 0.597086122447728 2.85648087480041 7.48066333654986 451
"X.451" 0.582907923142819 2.55686590794442 6.89620617318187 452
"X.452" 0.580419552217807 3.57507809946037 8.25058849113394 453
"X.453" 0.580994071314708 1.47263622837968 7.16697180659262 454
"X.454" 0.58610901400971 1.93677819713374 7.35121442546527 455
"X.455" 0.586882413725634 2.78937384029254 7.7795491861707 456
"X.456" 0.577478471891332 2.43218862540426 7.57629278990527 457
"X.457" 0.578387096504559 2.37673443319048 7.99392226287912 458
"X.458" 0.576914136088538 2.08840489944636 8.68732399721736 459
"X.459" 0.588936829231185 2.50689206382423 8.85337614208817 460
"X.460" 0.585271113710867 2.82904254457258 7.98795281071597 461
"X.461" 0.580797230964726 3.40831765969888 6.90726820299699 462
"X.462" 0.583272373490582 2.8282353601227 8.0136142877066 463
"X.463" 0.579452731512724 3.26745300477244 7.33827015227168 464
"X.464" 0.584621471817415 3.76238108877096 6.11373004962956 465
"X.465" 0.581390397985037 2.2391279556317 8.32483994664926 466
"X.466" 0.587604215985498 1.99898170700847 7.13514349687703 467
"X.467" 0.582443115418673 2.87393020285154 6.98429490778093 468
"X.468" 0.587090981308931 2.88786513727207 6.37455088465139 469
"X.469" 0.590881310375346 2.65590040026006 7.85561203280807 470
"X.470" 0.582979158478426 3.16849709366752 8.05222759430432 471
"X.471" 0.583055226557554 2.57539966497028 6.78069788937026 472
"X.472" 0.573945736389465 3.25691076351966 7.22396686591027 473
"X.473" 0.584851395634847 2.83406838775223 6.6873507728622 474
"X.474" 0.586111034418738 3.07918788049358 8.57705094109141 475
"X.475" 0.575961629336788 2.57978053415344 7.55155081196928 476
"X.476" 0.586628505097351 2.56857497913452 6.76565080518734 477
"X.477" 0.593227423691592 2.14998586424679 7.52576711053992 478
"X.478" 0.589574696941239 2.35638752385611 7.4840412188607 479
"X.479" 0.58181243426428 2.62205624272816 7.93607274209838 480
"X.480" 0.591608829136688 3.37582188810646 7.22944974142878 481
"X.481" 0.591815311635371 2.48416051302303 7.79071230613079 482
"X.482" 0.596270076708732 2.90491154658729 8.88258556636417 483
"X.483" 0.58993491384935 3.2979759645214 8.91280739846698 484
"X.484" 0.575795795483886 2.87751298091266 7.15472967475286 485
"X.485" 0.584403315988139 4.75554216166644 8.8775392516014 486
"X.486" 0.585837422142706 2.99289374498616 7.48031893927409 487
"X.487" 0.58082132113628 2.61335421198446 7.67061449223906 488
"X.488" 0.584914505477282 2.20613055074931 6.51512269948094 489
"X.489" 0.589588094187149 3.30689587045442 7.98548358584183 490
"X.490" 0.593509158864476 2.15364589328966 8.17945142166241 491
"X.491" 0.581846672301557 2.4157334506029 7.34320841985362 492
"X.492" 0.5889285870414 3.240242937488 8.43321732749525 493
"X.493" 0.580032305155743 2.58114938186743 8.38476078761067 494
"X.494" 0.585655361311308 2.64631910612813 7.3451005924665 495
"X.495" 0.5804692871814 3.34565271514577 7.6400514593448 496
"X.496" 0.594337520020685 2.32833721195205 6.77347901009965 497
"X.497" 0.583663884664417 2.73950570040879 8.00027426325638 498
"X.498" 0.579674044306723 2.75915445364273 8.40788215687332 499
"X.499" 0.587850423660323 2.49685220259578 7.30062612501566 500
