"ab" 0.00289736875535795 0.00306742351442757 0.00395984568451698 0
"X" 0.00390890601817066 0.00431289638951951 0.00485429190769253 1
"X.1" 0.00364616751964709 0.00427713320388475 0.00565321005026815 2
"X.2" 0.00348843256216519 0.00499526042994809 0.00550289621409355 3
"X.3" 0.00403388717986313 0.0047834145611949 0.00452370665584641 4
"X.4" 0.00358575396130233 0.0045643186419025 0.00562536456198003 5
"X.5" 0.00438886757883168 0.00384354858661192 0.00446926106241338 6
"X.6" 0.00419449237469835 0.00390961105526986 0.00524355937387767 7
"X.7" 0.00385237812228068 0.00495391417408857 0.00544624779474149 8
"X.8" 0.00378960097317014 0.00507431405387396 0.00522488873863429 9
"X.9" 0.00347769855525468 0.00423179697318949 0.00425558553665728 10
"X.10" 0.00343004067699917 0.00413123164873984 0.0045929560289655 11
"X.11" 0.0035873365741633 0.0052516727282311 0.00648852886592519 12
"X.12" 0.0041259812488539 0.00497559419270217 0.00419315903113325 13
"X.13" 0.00361548235024123 0.00474343788493536 0.00525033359909242 14
"X.14" 0.00358960263242643 0.00391666185307001 0.00686204098823005 15
"X.15" 0.00383505238153507 0.00426793477193866 0.00482202822969021 16
"X.16" 0.00376857115035854 0.00430614875995267 0.00515047216701022 17
"X.17" 0.00367603100867415 0.0046849626244167 0.00623751758450874 18
"X.18" 0.00402075804613732 0.00457480167543419 0.00516088554618575 19
"X.19" 0.00391875880585559 0.00493578745275979 0.005105634057437 20
"X.20" 0.00307188590961553 0.00494815804583618 0.00605954742504042 21
"X.21" 0.00409103516884217 0.00440035185988442 0.00455201966414476 22
"X.22" 0.00400289107489136 0.00535108917974697 0.0056325619812009 23
"X.23" 0.00375107389167978 0.00423949802144056 0.00468055650839818 24
"X.24" 0.00391133936824846 0.00421699503610215 0.00529066828721575 25
"X.25" 0.00390430492102813 0.00432450064546978 0.00593598699333545 26
"X.26" 0.00392038368778535 0.00449290490098147 0.00511030292177481 27
"X.27" 0.00431993557893149 0.00431007187437077 0.0058067102063638 28
"X.28" 0.00367385929028148 0.0042075669907512 0.00611913490898405 29
"X.29" 0.00336242421368474 0.00477357217410349 0.00544049211704483 30
"X.30" 0.00397658101314685 0.00494099658637506 0.00552784825730052 31
"X.31" 0.00372051063969126 0.00615350864936668 0.00506869261451723 32
"X.32" 0.00405971913711642 0.00474040735711718 0.00515584137533017 33
"X.33" 0.00373317646769368 0.00423072758597209 0.0051211586295007 34
"X.34" 0.00394223721914827 0.00490917637188337 0.00456618552502856 35
"X.35" 0.00348927545047515 0.00563542227900548 0.00682163802501726 36
"X.36" 0.00380049811897484 0.00365197832614586 0.00588049248451814 37
"X.37" 0.00375626440221454 0.00448306984640822 0.00523200815752937 38
"X.38" 0.00394044852228514 0.0047227896188054 0.00603550008522038 39
"X.39" 0.00383781139228268 0.00365722752826539 0.00690552808443608 40
"X.40" 0.00424204654284416 0.00476480550270654 0.00709093751561755 41
"X.41" 0.00386997511848362 0.00360024740657746 0.00605056345064544 42
"X.42" 0.00376540350149285 0.00467352273120407 0.00518207802079207 43
"X.43" 0.00376992074016085 0.00474896477716242 0.00585315659925812 44
"X.44" 0.00413057932757229 0.00464458651599684 0.00540710845289835 45
"X.45" 0.00351727569520024 0.00388193766178361 0.00469278852983222 46
"X.46" 0.00351633648098065 0.00392265151057048 0.00605579496948561 47
"X.47" 0.00395369894926374 0.00500037016154232 0.00453562769298707 48
"X.48" 0.00383268140480494 0.00416731695665104 0.00495089730849376 49
"X.49" 0.00350040328757282 0.00501938200034853 0.00582099064675224 50
"X.50" 0.00326881036028411 0.0043235816714448 0.00682205187224015 51
"X.51" 0.00326609507663903 0.00448252168743319 0.00475648751009529 52
"X.52" 0.00422046324249769 0.00425719879919503 0.00537299088578895 53
"X.53" 0.00352271434846995 0.00414102259704248 0.00551038445958235 54
"X.54" 0.00347321142096811 0.00461573095066937 0.00575510995006538 55
"X.55" 0.00351279562853425 0.00440908922196503 0.00583724321297668 56
"X.56" 0.00391491337843512 0.00396528506400289 0.00512443406739911 57
"X.57" 0.0034717089156694 0.0039749207146989 0.00586939610414031 58
"X.58" 0.00404425517556939 0.00409107914225489 0.00591309142555129 59
"X.59" 0.00365933213130826 0.00420693948998856 0.00582109493467178 60
"X.60" 0.00311008285282831 0.00542479858919166 0.00476041074352674 61
"X.61" 0.00399111850733833 0.00445189617760937 0.00592279044386405 62
"X.62" 0.00410741091481723 0.00381262218982416 0.00420085664863384 63
"X.63" 0.00373198876915117 0.00383172790029995 0.00580624491965533 64
"X.64" 0.00388878495313711 0.00428758415060365 0.00557099819816759 65
"X.65" 0.00372524973235234 0.00385110711853789 0.00533194569260416 66
"X.66" 0.00439348404787019 0.00439094858974235 0.00427810903742259 67
"X.67" 0.0036731552560117 0.00459874530228544 0.005545230333499 68
"X.68" 0.00422187685198706 0.00459490790779313 0.00566161355156194 69
"X.69" 0.00466584210400267 0.00424547686030268 0.00456801508560295 70
"X.70" 0.00365806522313887 0.00470066729138136 0.0072312501259578 71
"X.71" 0.00399441015632823 0.00424275836998207 0.00602777119414869 72
"X.72" 0.00347439139253546 0.00322003781389098 0.00582126715822241 73
"X.73" 0.00380028330060979 0.0050534328297099 0.00466419826813447 74
"X.74" 0.00409841953202022 0.00458658364312926 0.00623086220712322 75
"X.75" 0.00353605499553727 0.00447172032782276 0.0074420369278975 76
"X.76" 0.00464452568651388 0.00551661308570348 0.00566169508117227 77
"X.77" 0.00359413480387683 0.00451599137146725 0.00506542201609939 78
"X.78" 0.00371510812517015 0.00451437788468612 0.00484064300063477 79
"X.79" 0.00397415176210371 0.00402713278202631 0.004928979906017 80
"X.80" 0.00393657374097613 0.00464815210300085 0.0051130131362599 81
"X.81" 0.00355452295474414 0.00457468564071481 0.00492005264231472 82
"X.82" 0.0039115024726166 0.00478991487561414 0.00498509938224747 83
"X.83" 0.00351166272552287 0.00528006660839129 0.00615271635023016 84
"X.84" 0.00359565945917751 0.00431623246093021 0.00486561150914908 85
"X.85" 0.00351370341773798 0.00460468194234196 0.00581551667618107 86
"X.86" 0.00380971610741498 0.00579275263775371 0.00477562097343257 87
"X.87" 0.00350251765733672 0.00420001130753222 0.00488299495126797 88
"X.88" 0.00390338717854499 0.00446499028172488 0.00480947929385453 89
"X.89" 0.00422015422252566 0.00433300282188472 0.00557054033632579 90
"X.90" 0.00363328054919891 0.00487022467638989 0.00458622029308366 91
"X.91" 0.00361984486057748 0.00418548708970692 0.00644870599776035 92
"X.92" 0.00331389550081154 0.00503075731321648 0.00607786072649959 93
"X.93" 0.00411986056435428 0.00431240928430777 0.00497516369092352 94
"X.94" 0.0042883344046329 0.00436989065291431 0.00504912753448294 95
"X.95" 0.00363327434455671 0.00441169640522855 0.00555241841214115 96
"X.96" 0.00359932648611435 0.00488622456516427 0.00561711576267688 97
"X.97" 0.00420163623656497 0.00460625462025127 0.0055067726082834 98
"X.98" 0.00359078877129547 0.00494459646172649 0.00644661140020981 99
"X.99" 0.00387591190979479 0.00437444789903123 0.00522047725254544 100
"X.100" 0.0037839816480934 0.0040669138653092 0.00651170561441831 101
"X.101" 0.00376561398080181 0.00427136339263207 0.00423734572560152 102
"X.102" 0.00362313798268303 0.00542343437994365 0.0070659966361786 103
"X.103" 0.0040582617002673 0.00504115883275261 0.00518570641027017 104
"X.104" 0.00386045108894229 0.00483562349758617 0.00833232782236339 105
"X.105" 0.00370347520151321 0.0041937132647122 0.00534100650875511 106
"X.106" 0.00426820312487621 0.00491311536116137 0.00462340156091814 107
"X.107" 0.00363445783259515 0.00578621955722931 0.00546021283200789 108
"X.108" 0.00348413008044945 0.00529273644094691 0.00474419791355754 109
"X.109" 0.0034991647317034 0.00391107289312973 0.00531112908673208 110
"X.110" 0.00343043743017435 0.00397017571825604 0.00539890302086103 111
"X.111" 0.0041871672364867 0.00451759039799492 0.00476906384636394 112
"X.112" 0.00401247318451965 0.00520267793216748 0.00595865241496711 113
"X.113" 0.00343964280266234 0.00435816244011763 0.00455577231175512 114
"X.114" 0.00395749774347621 0.00456507256185197 0.00474882001785482 115
"X.115" 0.00374985447182604 0.004120734685434 0.00488571502358719 116
"X.116" 0.00352086013157976 0.00459571216150025 0.00510652179292012 117
"X.117" 0.0043727688454404 0.00412746566684315 0.00590613835661839 118
"X.118" 0.00417640089598275 0.00461384744509629 0.00532419435404909 119
"X.119" 0.00382061712629966 0.00360283704363319 0.00553203584521395 120
"X.120" 0.00393239130060902 0.00365068638692087 0.00708228301665088 121
"X.121" 0.00364647712994477 0.00403417640346903 0.00590091397792706 122
"X.122" 0.00389231356010342 0.00422993746086406 0.0044536294000258 123
"X.123" 0.00376108882162502 0.00492456792325605 0.00688434137907799 124
"X.124" 0.00352982681578827 0.00471073777538781 0.00517874322808501 125
"X.125" 0.00391007612472458 0.00416734534214034 0.00578235675663881 126
"X.126" 0.0041193827212844 0.00421808636055482 0.0051550418635333 127
"X.127" 0.0036383672595563 0.00425671709582244 0.00530659649849257 128
"X.128" 0.00369329124938996 0.00402690977165081 0.00622014028822257 129
"X.129" 0.00377588005177591 0.00497381412841585 0.00566324848063376 130
"X.130" 0.00412507457805081 0.00422610121470756 0.00487188143141625 131
"X.131" 0.00397412538033395 0.00426896941306356 0.00478667785081668 132
"X.132" 0.00349141215743878 0.00445640273705631 0.00580201398353613 133
"X.133" 0.00439059198544508 0.00511024577034609 0.00537146279799854 134
"X.134" 0.00359625952447526 0.0046534782660141 0.00626630631738113 135
"X.135" 0.0040790307530097 0.00450822819201407 0.00398968234036535 136
"X.136" 0.00348399424378846 0.0049460361842233 0.00633392219410236 137
"X.137" 0.0032585001077391 0.00419022003568778 0.00611585893403776 138
"X.138" 0.00372356685455579 0.00469203700058994 0.00529112499321804 139
"X.139" 0.00414333724250698 0.00465002974408765 0.00576011710953362 140
"X.140" 0.00358790159854812 0.00398451187898098 0.00526680581593959 141
"X.141" 0.00346202503481961 0.00498828289701727 0.00475975039119543 142
"X.142" 0.00440763769562155 0.0040271794490337 0.00492214921620058 143
"X.143" 0.00422376296725098 0.00465007229955203 0.00484972238654751 144
"X.144" 0.00420650281294822 0.0048242576355047 0.00553949589157069 145
"X.145" 0.00457221031399474 0.00454795264314929 0.00482672837254198 146
"X.146" 0.0039426822540372 0.00405653195385259 0.00518211269308456 147
"X.147" 0.00355818771972218 0.00430607762703675 0.0045406023582985 148
"X.148" 0.00348672237452992 0.00409589513621691 0.00484267861675719 149
"X.149" 0.00401901627115426 0.00401981932693894 0.00661772379585777 150
"X.150" 0.00380165271804267 0.00419510552393684 0.00487395314284826 151
"X.151" 0.00423087401074094 0.00462103750072486 0.00612385364937307 152
"X.152" 0.00442184939252078 0.00510665976985418 0.00493050707305974 153
"X.153" 0.00393043719349494 0.00514151357972194 0.00523243152966525 154
"X.154" 0.00341470187334842 0.00477841851051073 0.00584963713485189 155
"X.155" 0.00424310327622679 0.00422694213116329 0.00474370090489054 156
"X.156" 0.00401491613584194 0.00460473678076128 0.00550795352364111 157
"X.157" 0.00355080813319782 0.0048703274587444 0.00566713545875201 158
"X.158" 0.00401725347269935 0.00499360095058397 0.00576646831364997 159
"X.159" 0.00382978585645701 0.00382635246638481 0.00471603654229575 160
"X.160" 0.00365849938158605 0.00432590025416176 0.00461658573863436 161
"X.161" 0.00368168319555846 0.00392393320361162 0.00477072847835883 162
"X.162" 0.0038932418046613 0.0043562166006638 0.00489226423257557 163
"X.163" 0.00367522680161177 0.00393387988118643 0.00700647547062497 164
"X.164" 0.0041175992891178 0.00441521791091112 0.00644698300401836 165
"X.165" 0.00409781838774376 0.00444081181331786 0.00456724639977492 166
"X.166" 0.00410917930629817 0.00483363548193259 0.00546441513538639 167
"X.167" 0.00402107556019696 0.00480790696934062 0.00712114475232914 168
"X.168" 0.00361436962025874 0.00430123167199978 0.0050927690377353 169
"X.169" 0.00353127923566682 0.00476556284476553 0.00529858251451286 170
"X.170" 0.00362823405146806 0.00452939765674587 0.00622405273525529 171
"X.171" 0.00439929140956145 0.00428159205192697 0.00642670042666857 172
"X.172" 0.00399779330287814 0.00455937187886974 0.00546259865348082 173
"X.173" 0.00398814575562468 0.00440306612189765 0.00536172801777387 174
"X.174" 0.00351903249767277 0.0046048514419203 0.00536952705386176 175
"X.175" 0.00374440046166994 0.00507567798011575 0.00505732762975025 176
"X.176" 0.00457885013875746 0.00496983411525037 0.00716122249867627 177
"X.177" 0.00383997516459276 0.00483247997604619 0.00601457518869913 178
"X.178" 0.00340072423513036 0.00393061994851216 0.00550180070538901 179
"X.179" 0.00404961669082736 0.00463060638484086 0.00496989576575899 180
"X.180" 0.00368264171782461 0.00493009846107389 0.00517012820217604 181
"X.181" 0.00396735305679561 0.00474490925977713 0.00584151179500174 182
"X.182" 0.00372607635319509 0.00453748650610697 0.00579564341348668 183
"X.183" 0.00346685309289457 0.00432800261384652 0.00467886214656834 184
"X.184" 0.0035988071784423 0.00471263120197157 0.00539858403495928 185
"X.185" 0.00372173272668166 0.00467929550938468 0.00462796891936873 186
"X.186" 0.00381366639933623 0.00446997727437943 0.00541438958102819 187
"X.187" 0.00402548245150886 0.00509866698297085 0.00573478869238647 188
"X.188" 0.0038038947420504 0.004272481370652 0.00534956981742068 189
"X.189" 0.0045056094933997 0.00450209238479038 0.00408075464360134 190
"X.190" 0.00404825194793315 0.00456329188313531 0.0045914433468018 191
"X.191" 0.00343511260714098 0.00434230166931734 0.00524260340540957 192
"X.192" 0.00348408372344377 0.00434605086452976 0.00552264799444629 193
"X.193" 0.00351272218427831 0.00421664499032884 0.00569891270126511 194
"X.194" 0.00456706818290654 0.00500872456031716 0.0043009342935705 195
"X.195" 0.00389122063245838 0.00483093920378105 0.00622635645681068 196
"X.196" 0.00396142894327535 0.00446070064860622 0.0058410039099329 197
"X.197" 0.00370327844849539 0.00411472019701637 0.00681991047395345 198
"X.198" 0.0036553331788726 0.00392555514176652 0.00598645712775067 199
"X.199" 0.00395455711847355 0.00372027524254755 0.00543907848554417 200
"X.200" 0.00335344081123359 0.00435958547009003 0.00586989257461141 201
"X.201" 0.00401214646340759 0.00388010607098825 0.00503639262442479 202
"X.202" 0.00357840778733972 0.00338672108108253 0.00559942465232932 203
"X.203" 0.00374666482007857 0.00470929479076479 0.00644780616255951 204
"X.204" 0.0036417716768011 0.00395088223022364 0.00646563031971264 205
"X.205" 0.00432585356623384 0.00444222248068568 0.00516476987255456 206
"X.206" 0.00482942184726428 0.0039654261885591 0.00542879906277499 207
"X.207" 0.00383132061153956 0.00420812806439596 0.00541628323649032 208
"X.208" 0.00464876577188804 0.00509648312013226 0.00450603139539232 209
"X.209" 0.00355798542564054 0.00429505890136347 0.00660694471578944 210
"X.210" 0.00370293334058286 0.00366008771218957 0.00491521167838181 211
"X.211" 0.00394892970239843 0.00534808411880149 0.00595813249866459 212
"X.212" 0.0042572097605774 0.00408576230031913 0.00509961545072078 213
"X.213" 0.00376258706160914 0.0041034940201436 0.00567132145756532 214
"X.214" 0.00391424312037869 0.00413082863446594 0.00558510623610436 215
"X.215" 0.003602002162935 0.00475191236945598 0.00677487734174361 216
"X.216" 0.00427914103646561 0.00535381210841605 0.00620117109562115 217
"X.217" 0.00410914473178289 0.00466380065366418 0.00568690274126254 218
"X.218" 0.00404298422583286 0.00358150577417537 0.0047239618048931 219
"X.219" 0.00368411344215443 0.00503281621971345 0.00592710434644318 220
"X.220" 0.00370790644578391 0.00389703874511719 0.00410909710118411 221
"X.221" 0.003542978104452 0.00465208893009406 0.00601110116680413 222
"X.222" 0.00393386514791856 0.00489551562393134 0.00504157695762418 223
"X.223" 0.00363070266821297 0.0049881783086299 0.00593344501629138 224
"X.224" 0.00356939495272219 0.00448252718430588 0.00614890370119232 225
"X.225" 0.00375550340797393 0.00566135899404465 0.00529958437664269 226
"X.226" 0.00338494831988588 0.00463178321598816 0.00543508303071262 227
"X.227" 0.00362210427329043 0.0045992599814739 0.00500635642854666 228
"X.228" 0.00399035809032795 0.00478922671014118 0.00505672229113178 229
"X.229" 0.00357338610718205 0.0045097668184601 0.0049520523223626 230
"X.230" 0.0040065139123004 0.00484734386978128 0.00584084851800266 231
"X.231" 0.0036714313993833 0.00418186669245445 0.0056482862536897 232
"X.232" 0.00345961631169523 0.0041304633045954 0.00600568383508847 233
"X.233" 0.00356665503011187 0.00454769764321783 0.00520795575850816 234
"X.234" 0.00388756768470591 0.00446022396583071 0.00467705933952579 235
"X.235" 0.00380503822505667 0.004743800110762 0.00456146603571052 236
"X.236" 0.00379458121601996 0.00470583271409621 0.00469406977252293 237
"X.237" 0.00382904352855787 0.00362304932256622 0.00786370629947635 238
"X.238" 0.00375215094180652 0.00452461156453812 0.00618466975314791 239
"X.239" 0.00377809186639939 0.00445412858435424 0.0051680247321796 240
"X.240" 0.00406509342434928 0.00407987364115325 0.00514198223301772 241
"X.241" 0.00397495825887349 0.00477079438610265 0.0056624644851604 242
"X.242" 0.00393106319577864 0.00376546710180382 0.00642251329870801 243
"X.243" 0.00349571933317343 0.00467336468629462 0.00589390014867759 244
"X.244" 0.0038172401226891 0.00429714052335835 0.00654539217340681 245
"X.245" 0.00349706830917469 0.00446063593102283 0.00550484557632286 246
"X.246" 0.00397053348334681 0.00382317543561701 0.00595248290179045 247
"X.247" 0.00375688349918285 0.00367026519500433 0.00474968925229801 248
"X.248" 0.00366067554030483 0.00517776527565233 0.00575760009039998 249
"X.249" 0.00375619692855135 0.00507941845202418 0.00543715168388905 250
"X.250" 0.00368670384126078 0.00435418465245562 0.00640868606075887 251
"X.251" 0.00354765626504168 0.00435159828515528 0.00606081014217238 252
"X.252" 0.00398826313885089 0.00444307503358039 0.00640173560348061 253
"X.253" 0.0035549647286779 0.00452329930670353 0.00673824188260791 254
"X.254" 0.00441491157273916 0.00454201022809576 0.00582467622353605 255
"X.255" 0.00307384374443328 0.00397532647351682 0.00526192798420637 256
"X.256" 0.00357562607344744 0.00425162389153032 0.00656407860600097 257
"X.257" 0.00338043443793819 0.00390121521175124 0.00548892917137219 258
"X.258" 0.00422992261243735 0.00408220447652077 0.00554739063886029 259
"X.259" 0.00385641631646968 0.00465391954034629 0.00580852270633303 260
"X.260" 0.00388241266135356 0.00522807562707844 0.00604281737085885 261
"X.261" 0.0036298520039248 0.0039980856145475 0.00560006925223987 262
"X.262" 0.00406324519786404 0.00435656729998242 0.00628588551971483 263
"X.263" 0.00361734896086263 0.00462424757222289 0.0056975839787235 264
"X.264" 0.003822458487389 0.00508114453269202 0.00485649813602811 265
"X.265" 0.00386295232873617 0.00419264198323614 0.00445880971739655 266
"X.266" 0.00394981183938187 0.00408665266506932 0.00549803362206799 267
"X.267" 0.00373690291967992 0.00505877946095534 0.00598319866197185 268
"X.268" 0.00388634895804107 0.00509147646348266 0.00584199921638841 269
"X.269" 0.00366567785359617 0.00534718285562336 0.00562771411426569 270
"X.270" 0.00370579545033269 0.00473002975672451 0.00646359257645344 271
"X.271" 0.00399378707965812 0.00484565002413993 0.00637019519163025 272
"X.272" 0.00349331570265511 0.0043593235658994 0.00475700113212982 273
"X.273" 0.00530596611765014 0.0042263948363659 0.00698512231341787 274
"X.274" 0.0037509064600207 0.00354738877294283 0.00412876409109072 275
"X.275" 0.00394976256035425 0.0057126665991051 0.00385353971986362 276
"X.276" 0.00387870433307994 0.00527239556250516 0.00534274235825974 277
"X.277" 0.00346878395710742 0.00429719905262701 0.00708929008312154 278
"X.278" 0.00351342200141509 0.00445092561933237 0.00481142391743253 279
"X.279" 0.00402289336478658 0.00489312895976695 0.00655441613784155 280
"X.280" 0.0036133689434903 0.00424580660382887 0.00544236858254665 281
"X.281" 0.00347514945351388 0.00454043428557804 0.00582885719740972 282
"X.282" 0.00342282718592435 0.00419473015437232 0.00640440951308926 283
"X.283" 0.00451727534916954 0.00361443556849867 0.00609510933501057 284
"X.284" 0.00381041017386359 0.0041215394862005 0.00638767964729686 285
"X.285" 0.00349030857339023 0.0047236153301788 0.00421238647191569 286
"X.286" 0.00352041256674973 0.00397368553855512 0.00454937533016529 287
"X.287" 0.00372690849165705 0.0040895196247748 0.00589547324318283 288
"X.288" 0.00322057704023824 0.00446807166208323 0.00601451065514479 289
"X.289" 0.0042483057802597 0.00458993820904818 0.00570340385856866 290
"X.290" 0.00373932998309091 0.00520763924220436 0.00417036516264964 291
"X.291" 0.00367595962830723 0.00542517590292689 0.00495685686649621 292
"X.292" 0.00389648868690275 0.00468475639359288 0.00423906511041532 293
"X.293" 0.00345976261828139 0.00454098264657028 0.00377391889893628 294
"X.294" 0.00406673220616862 0.00446660492593216 0.00453379527772695 295
"X.295" 0.00350477892569739 0.00532216864646884 0.00631008613674016 296
"X.296" 0.00376067188897485 0.00481934754018339 0.00488355032052961 297
"X.297" 0.00368034526450166 0.00409761910399732 0.00517087498990506 298
"X.298" 0.00371900952822728 0.00433668529325287 0.0063477415848993 299
"X.299" 0.00406844443554833 0.00383536937628467 0.00530140134080099 300
"X.300" 0.00341372821081482 0.00595311458028245 0.00581921141146465 301
"X.301" 0.00414607337151464 0.0041012673910806 0.00500743888631431 302
"X.302" 0.00373751058109721 0.0037094558628543 0.00554861228525779 303
"X.303" 0.00379003000710506 0.00445764566356486 0.00506735255775156 304
"X.304" 0.0039191961014582 0.00494618780539434 0.00493949497836997 305
"X.305" 0.003349089394175 0.00452271511841498 0.00496842000947243 306
"X.306" 0.00370137583283067 0.0038853866778195 0.00792686619340673 307
"X.307" 0.00388612046873689 0.0040162480141702 0.00550107009313723 308
"X.308" 0.00376340280156684 0.00463526183401153 0.00475904182103188 309
"X.309" 0.00389197497585822 0.00505133823184547 0.00405532619866212 310
"X.310" 0.0033368580919995 0.0048828855887997 0.00594453800424795 311
"X.311" 0.00375768917960662 0.00418352680231937 0.00538014569594605 312
"X.312" 0.00349962246290096 0.0047786681759812 0.00574955331633055 313
"X.313" 0.00374299949005427 0.00461657657253971 0.0047364581209301 314
"X.314" 0.00315936386888454 0.00480962082330392 0.00566907031832045 315
"X.315" 0.00347370592313503 0.00460761213989394 0.0061128878046183 316
"X.316" 0.00384952773059906 0.00542408491501969 0.00426798252004778 317
"X.317" 0.00417771984803884 0.00410233120413171 0.00537327466765908 318
"X.318" 0.00335021431423484 0.00445796622366204 0.00572488109832647 319
"X.319" 0.00415483243990294 0.0046813475107205 0.00593326024724063 320
"X.320" 0.00384697244859128 0.00423311837783868 0.00613980495647382 321
"X.321" 0.00357840619522202 0.00393512316279329 0.00558272886139284 322
"X.322" 0.00405169194713721 0.00421696153390071 0.00607408758963424 323
"X.323" 0.00348671967760472 0.00546137859301373 0.00559524447039676 324
"X.324" 0.00367491088980693 0.00491583759182283 0.0042496735420423 325
"X.325" 0.00371402104679667 0.0041501501374327 0.00520965372965539 326
"X.326" 0.00377997320002986 0.00452575873268729 0.00526776461469965 327
"X.327" 0.00359674753275387 0.00442223695399302 0.00491928988746781 328
"X.328" 0.00394097263483048 0.00450815137074017 0.00566799734873831 329
"X.329" 0.00367023820816082 0.00392372545537521 0.00515097212099642 330
"X.330" 0.00382031821171438 0.00473579500991346 0.0050269916955529 331
"X.331" 0.00370542046072553 0.00527064108808043 0.00522978819149402 332
"X.332" 0.00338768460711078 0.00408345619899794 0.00543997070890347 333
"X.333" 0.00382337738141302 0.00452055738838965 0.00468587773762596 334
"X.334" 0.00346672213661913 0.00432294781535904 0.00430035107018397 335
"X.335" 0.00360054237045665 0.00426581932251509 0.00581223951383929 336
"X.336" 0.003652985556715 0.00420525451900113 0.005872696270896 337
"X.337" 0.00403493070742428 0.00496524070117498 0.00549204875694792 338
"X.338" 0.0036627919469746 0.00425378672905376 0.00557698235519721 339
"X.339" 0.00372125216751959 0.00390575693776077 0.00478393778260035 340
"X.340" 0.00389123064083083 0.00501250241743423 0.00531114283480843 341
"X.341" 0.00360137809364699 0.0040274722290588 0.00540096909117211 342
"X.342" 0.00343019303185653 0.00456517910492966 0.00421734400041348 343
"X.343" 0.00433879147183613 0.00449151099640039 0.00573138580327693 344
"X.344" 0.00380648561670645 0.00370210888087914 0.00453276604392915 345
"X.345" 0.00389161345187012 0.00490955251925736 0.00486871499147797 346
"X.346" 0.00374573942229162 0.00414812944300343 0.00753158049528888 347
"X.347" 0.00373854199348449 0.00386635876732255 0.00516390544254348 348
"X.348" 0.00379052495845381 0.00444867309291514 0.0056985232165676 349
"X.349" 0.00429481419178079 0.00468638931586629 0.00423716121384914 350
"X.350" 0.00417397263688199 0.00400021145188637 0.00399148624940969 351
"X.351" 0.00382284655712991 0.00462037680108327 0.00633302447768798 352
"X.352" 0.00422092337346555 0.00569371791417641 0.00572450410914037 353
"X.353" 0.00481639409766744 0.00390683205319743 0.00495615967601362 354
"X.354" 0.00402701794836316 0.00452047162148736 0.00615084103821872 355
"X.355" 0.00368951488589847 0.00510646565549402 0.00552802547259545 356
"X.356" 0.00442102207384625 0.00430769245363292 0.00510069435446121 357
"X.357" 0.00409437797132435 0.00446989509587086 0.00645500846503737 358
"X.358" 0.00379058114824807 0.00410715489349365 0.00518919551279573 359
"X.359" 0.00388003735971296 0.00442949720927429 0.00519104180991574 360
"X.360" 0.00319166161513863 0.00475120200376285 0.0043676603165572 361
"X.361" 0.00383411923883647 0.00428191160195936 0.00620498375996779 362
"X.362" 0.00336859000229415 0.00483623939585627 0.00477832086670543 363
"X.363" 0.0042277519203874 0.00449606169153775 0.00577532227481997 364
"X.364" 0.00351866427947564 0.00422853970941436 0.00615096801146494 365
"X.365" 0.00357628805249051 0.00461226152253507 0.00665262963491747 366
"X.366" 0.00395200138635985 0.00456254032643912 0.00459805625803863 367
"X.367" 0.00438072682212995 0.00433563264856786 0.00518810103586414 368
"X.368" 0.00361740337634711 0.00459284978327602 0.00468241806250979 369
"X.369" 0.00369301868743483 0.00478092086587456 0.00541485360628549 370
"X.370" 0.00381880827347162 0.00390761773592422 0.00502024970804378 371
"X.371" 0.00411827245655298 0.00474354297582754 0.00593730121514872 372
"X.372" 0.00370260166667007 0.00535381135423392 0.00499833467482041 373
"X.373" 0.00455746556439062 0.0041366355378602 0.00472893551190872 374
"X.374" 0.00376835734404105 0.00393547979607664 0.0044014429227405 375
"X.375" 0.00385280307874581 0.00418710530634615 0.00536994163342336 376
"X.376" 0.00380183406526197 0.00417952088832771 0.00633241667254109 377
"X.377" 0.0038481674750537 0.00550272387803386 0.00636169345890534 378
"X.378" 0.00361078355066969 0.00418001996545781 0.00507060617275348 379
"X.379" 0.00401301063933464 0.00374618794956779 0.0046812548725178 380
"X.380" 0.00389628462265576 0.00423840539839538 0.00758116842109711 381
"X.381" 0.00343155413235109 0.00419746420153053 0.00570390392160811 382
"X.382" 0.00366756048140328 0.00524505193109308 0.00511615082361973 383
"X.383" 0.00339347589435965 0.00392379377790906 0.00586674650508649 384
"X.384" 0.00369065052525266 0.00390872992282957 0.00557106009575905 385
"X.385" 0.0037255801067224 0.00442382689997049 0.00512503793118794 386
"X.386" 0.00372000406539496 0.00435932670047838 0.00483242501939364 387
"X.387" 0.00363553811798103 0.00456708972503176 0.00564674266367044 388
"X.388" 0.00383059773730568 0.00364303653641647 0.00571344102649035 389
"X.389" 0.00385620304362201 0.0047199013092289 0.00644197827399146 390
"X.390" 0.00400704490821687 0.00410878415466682 0.00591216112746995 391
"X.391" 0.00434301566629481 0.00542661316002855 0.00541158664012656 392
"X.392" 0.00377560124527828 0.00445159868701105 0.00619083202424412 393
"X.393" 0.00465413535518982 0.00378236615911724 0.00493785341666847 394
"X.394" 0.0033707104509911 0.00465445776086774 0.0051642510358767 395
"X.395" 0.00422559111522014 0.00421605966902161 0.0056938228404867 396
"X.396" 0.00362447161767223 0.00504889248838398 0.00619639070736318 397
"X.397" 0.00436617156122855 0.00517896762005007 0.00491795822303419 398
"X.398" 0.00368844404910751 0.00448588542653887 0.00471623621880691 399
"X.399" 0.00392145820683684 0.0046328902434931 0.00521614067501524 400
"X.400" 0.00359920779091713 0.00505907015100262 0.00418536542721832 401
"X.401" 0.00360395037819994 0.00387210652665936 0.00575181443946466 402
"X.402" 0.00384679138993811 0.00441435000401901 0.00619129170861079 403
"X.403" 0.00337298656541423 0.00415308160042083 0.00415942851206918 404
"X.404" 0.00357771048701721 0.00335254955059901 0.00473335499811031 405
"X.405" 0.00353145939296975 0.00384038259732723 0.00527622129934839 406
"X.406" 0.00379435451378215 0.00426315080082954 0.00411665476210146 407
"X.407" 0.00411134530248136 0.0049746231054509 0.00437606055986375 408
"X.408" 0.00347315657269958 0.00406029451713214 0.00529799126267688 409
"X.409" 0.00415851314929598 0.00442397892773644 0.00545085668596066 410
"X.410" 0.00348844039597267 0.00398296658500993 0.00623434438714303 411
"X.411" 0.00401988936135248 0.00398092122111537 0.00445125129631943 412
"X.412" 0.00328182823790716 0.00491524804032427 0.00443508414721725 413
"X.413" 0.00343074702419905 0.00451120596776998 0.00572341403395482 414
"X.414" 0.00381740717505929 0.00464990406908991 0.00448556776734195 415
"X.415" 0.00434313594350261 0.00436083438753463 0.00653418022092387 416
"X.416" 0.00330141310939556 0.00478249452204372 0.00593214411287845 417
"X.417" 0.00398164188941676 0.00421909021603459 0.00502452841012529 418
"X.418" 0.00375717101815055 0.00475766168587637 0.00597408720526964 419
"X.419" 0.00395144627095994 0.00412535069987611 0.00591643350502565 420
"X.420" 0.00400061389894809 0.00420316205274432 0.00529131066031097 421
"X.421" 0.00358316759834744 0.00470221055807212 0.00392534683541433 422
"X.422" 0.00402517892389553 0.00479824837283787 0.00405700978814169 423
"X.423" 0.0036748974977174 0.00464038681458982 0.00434340072702487 424
"X.424" 0.00325514653947646 0.00404075887223763 0.00533340161373178 425
"X.425" 0.00371085738295523 0.00524873189649352 0.00495723778446275 426
"X.426" 0.00423547932741099 0.00496981546666618 0.00434145659834327 427
"X.427" 0.00309607097814626 0.00439795483415951 0.00548694979407846 428
"X.428" 0.00429146841771653 0.003749730117606 0.00570477235769815 429
"X.429" 0.00339600954971769 0.00449555964497847 0.00530135599706968 430
"X.430" 0.00372034889215208 0.00381014267378305 0.00584486084932636 431
"X.431" 0.00406606585667676 0.00470959896211306 0.00431731810185811 432
"X.432" 0.00359765409461892 0.0047399677364558 0.00552568785733263 433
"X.433" 0.00378015875558718 0.00381834734677277 0.00666889686713046 434
"X.434" 0.00381219807249442 0.0041597123883939 0.00460385692139515 435
"X.435" 0.00365783426353581 0.00430404773436153 0.0063071229928527 436
"X.436" 0.00379968877592323 0.00426701450263232 0.00622433582977138 437
"X.437" 0.00335349815264877 0.00427318837393728 0.00443695413097678 438
"X.438" 0.0034816205787131 0.00399855197530688 0.00482336393844301 439
"X.439" 0.00373901196448118 0.0040358317011881 0.00707376931283496 440
"X.440" 0.00383617036596784 0.00415227991452887 0.00491638735872419 441
"X.441" 0.00362012025838091 0.0054951736431448 0.00491808700782482 442
"X.442" 0.0039286997658078 0.00504411306782559 0.00536951141751658 443
"X.443" 0.00402636471714463 0.00389547447761482 0.00589376539084208 444
"X.444" 0.00423160248346106 0.00488381187995256 0.00560095558792171 445
"X.445" 0.0036109644585875 0.00400236986328815 0.0052484529260461 446
"X.446" 0.0042428823127541 0.00389051462199154 0.00651023109763426 447
"X.447" 0.00377194779520285 0.00519231585037606 0.00457813230967704 448
"X.448" 0.00414238315037985 0.00520825678847721 0.00724657591430271 449
"X.449" 0.00348036783506005 0.00456710648841064 0.0058792720668943 450
"X.450" 0.0034703125653835 0.00450161933219438 0.00587567338157644 451
"X.451" 0.00360887687057705 0.00406998131614331 0.0066450139252737 452
"X.452" 0.0040959212826046 0.00445605377767997 0.00555217856639521 453
"X.453" 0.00405516414596408 0.0039360328594003 0.00541129890798054 454
"X.454" 0.00374535713772933 0.00457116404171535 0.00586696006527475 455
"X.455" 0.00349486634531624 0.00455437404095695 0.00445226019178273 456
"X.456" 0.00350196729481524 0.00397100123875049 0.00614165010504323 457
"X.457" 0.00425349355339209 0.00423632331831677 0.0056851092819218 458
"X.458" 0.00343913933882112 0.00437127998881747 0.00572454439941875 459
"X.459" 0.00388430532497712 0.00375333399662566 0.0054739866834192 460
"X.460" 0.00364819915160353 0.00456399126694849 0.00614334121246607 461
"X.461" 0.00376852675232477 0.00456928820614326 0.00612922795783954 462
"X.462" 0.00428041059158358 0.00464918208385147 0.00563626439251206 463
"X.463" 0.00374285026774417 0.00453157132561284 0.00538083723640873 464
"X.464" 0.00347966875735387 0.00427629228341575 0.0044068085632242 465
"X.465" 0.00357616665268259 0.00441950490321265 0.00559988946504682 466
"X.466" 0.00342978778909746 0.00410628144935687 0.00537964250605074 467
"X.467" 0.00352116274871727 0.00405311013311312 0.00459458944082432 468
"X.468" 0.00349063459014303 0.00476411593397323 0.00504634164635711 469
"X.469" 0.00432979126432537 0.00492485352976533 0.0056139403453838 470
"X.470" 0.00390670796639091 0.00446490991398221 0.004853763254949 471
"X.471" 0.00397957157755918 0.0046584780548969 0.00560118870341664 472
"X.472" 0.00420886604562528 0.0041772976457283 0.00497683366227122 473
"X.473" 0.00368569434375927 0.00425541709163678 0.00518024197915284 474
"X.474" 0.00318578590378734 0.00468220454496392 0.00599175670951609 475
"X.475" 0.00370981400131415 0.00445969345322151 0.00538223555397008 476
"X.476" 0.00391856540216523 0.00438813587065562 0.00551678348167171 477
"X.477" 0.00378795818565676 0.00409007737570042 0.00433722387241569 478
"X.478" 0.00365883969374856 0.0044218441807555 0.00513770305135952 479
"X.479" 0.00360077085780971 0.00392455863191842 0.00519382652143408 480
"X.480" 0.00350924565198462 0.00441008439911396 0.00443177765397229 481
"X.481" 0.00429313821437761 0.00509143622412382 0.00648620168039479 482
"X.482" 0.00388953438847312 0.00568829932610746 0.00616981438419599 483
"X.483" 0.00415396105926329 0.00476668701073339 0.0062220470204298 484
"X.484" 0.0036076776547404 0.0041557881006313 0.00561095813359347 485
"X.485" 0.00390082005978244 0.00414883024450541 0.00411726228139126 486
"X.486" 0.00416131191823341 0.0048539208344621 0.00546888635220192 487
"X.487" 0.00407159724005352 0.00433981912119824 0.00511813066032678 488
"X.488" 0.00349955147302049 0.0038335770209647 0.00459890474100426 489
"X.489" 0.00355926629920036 0.00439812920903698 0.00459348573976035 490
"X.490" 0.00374275106231518 0.00433264809305415 0.00518842317714298 491
"X.491" 0.00386224899021365 0.00411516977013366 0.0065356247166976 492
"X.492" 0.0032930487446801 0.00383243567732711 0.0056744831687163 493
"X.493" 0.00398433699826632 0.00520477118503318 0.00497171757411344 494
"X.494" 0.0040179614262615 0.00435976190326681 0.00485634602300556 495
"X.495" 0.00381873347933494 0.00480258462168063 0.00426442664798401 496
"X.496" 0.00434561093137222 0.00448959243593322 0.00464782142494349 497
"X.497" 0.00402171229024675 0.00418110171150875 0.00435712895236405 498
"X.498" 0.00417719266875665 0.00471890300614781 0.00659816904170146 499
"X.499" 0.00393371263328266 0.00441142387176141 0.00495573175041162 500
