"ab" 0.000314887767743203 0.000215198729173883 0.000609202667022858 0
"X" 0.000479829544228479 0.000405156000640413 0.000993836427227235 1
"X.1" 0.000416677913196694 0.000328443805114718 0.000890278840029759 2
"X.2" 0.000332763252730562 0.000408771514834532 0.000858833527402373 3
"X.3" 0.000474299335605474 0.000363740427087793 0.00094421272488319 4
"X.4" 0.000515787853602471 0.000531411037342602 0.000892163697510596 5
"X.5" 0.000465987486054399 0.00058315186282586 0.00097936817226973 6
"X.6" 0.000538509225506361 0.000382953006376677 0.000948320755797497 7
"X.7" 0.000473477939577162 0.00046016122941625 0.000916907362628688 8
"X.8" 0.000431685143899994 0.000316196761318069 0.00115746843101528 9
"X.9" 0.000456209687385022 0.000509588675273807 0.000943262957006884 10
"X.10" 0.000519465766082617 0.000751979702852962 0.000690948238942938 11
"X.11" 0.000404269108229627 0.00040789082870977 0.0010048690377924 12
"X.12" 0.000374428092515659 0.000476653269191792 0.000913916212647361 13
"X.13" 0.000428658826036681 0.0006216389429852 0.000864800401069378 14
"X.14" 0.000367359812348087 0.000577822274319327 0.000830240536574068 15
"X.15" 0.000398125176590321 -2.46368894982429e-05 0.0010872364099195 16
"X.16" 0.000442752807077474 0.000293574788953906 0.000980260353081791 17
"X.17" 0.000392153875302022 0.000467429463915499 0.000868703710458981 18
"X.18" 0.000466002900105456 0.000552901754922648 0.000784301697344883 19
"X.19" 0.000382891901742307 0.000467749953692716 0.000823384727717333 20
"X.20" 0.000379287711369481 0.000502205922944755 0.00118879913214274 21
"X.21" 0.000450846019743357 0.000663959319441935 0.000898077056682187 22
"X.22" 0.000550418790238526 0.000150456075467335 0.00090306193921321 23
"X.23" 0.000387654867570539 0.00048494854286333 0.000842735442418069 24
"X.24" 0.000506390299281431 0.000859364098229805 0.000934634533091627 25
"X.25" 0.000521647798320862 0.000271028868776082 0.000997324409449645 26
"X.26" 0.000439129318466315 0.000472040283063458 0.000908664909032983 27
"X.27" 0.000459733187657193 0.000664118315305925 0.000881759676656632 28
"X.28" 0.000438069260425581 0.000462131708351146 0.000662492761401813 29
"X.29" 0.000438410837261703 0.000507511632833967 0.000888557800919167 30
"X.30" 0.000507974920772604 0.000378332531056264 0.000821562271848905 31
"X.31" 0.000430646416005672 0.000418882952361097 0.000764240645953584 32
"X.32" 0.000430750283187596 0.000398597445675055 0.000996960050109982 33
"X.33" 0.00038637853730811 0.000549003779151281 0.000987323532097289 34
"X.34" 0.000335396713964275 0.000547061934555645 0.000980201901862971 35
"X.35" 0.000390712046893351 0.000401902108101252 0.00102631770877225 36
"X.36" 0.000443179351322199 0.000480335514291262 0.0007839067733356 37
"X.37" 0.000414425657385884 0.000610083037038795 0.000791356574863544 38
"X.38" 0.000396477839935287 0.000296275561681099 0.000777381303481401 39
"X.39" 0.000395853909031356 0.000634186957033467 0.00085911798885983 40
"X.40" 0.000389133840011744 0.00032753969527333 0.000963674204510363 41
"X.41" 0.00044680446855424 0.000577414570453054 0.000912899206095977 42
"X.42" 0.000337163605527376 0.000361132794056869 0.0010159371782777 43
"X.43" 0.00037347122599772 0.000319359693040452 0.000993326947435043 44
"X.44" 0.00040959620289537 0.000469433317910703 0.000947407825672078 45
"X.45" 0.000536453730610774 0.000283987988324924 0.00085821766357793 46
"X.46" 0.000436936495571804 0.00109693323516344 0.000786249775748233 47
"X.47" 0.000450259478714835 0.000609292561682898 0.000841501664346223 48
"X.48" 0.000349817016784284 0.000411576870677368 0.000955105894915928 49
"X.49" 0.000428496672175167 0.000625220420259799 0.000880518840883015 50
"X.50" 0.000374916778727152 0.000345571256054914 0.000912594004053054 51
"X.51" 0.000386785075388064 0.000789459727333865 0.000900641370762783 52
"X.52" 0.000378533488304389 0.000520705508313692 0.000890454842968026 53
"X.53" 0.000334671273352991 0.000346402631633308 0.000944976692586288 54
"X.54" 0.000432669839355045 0.000344585863587792 0.000912126204205159 55
"X.55" 0.000382911706179506 0.000606095376262733 0.00105708741591166 56
"X.56" 0.000404174995370499 0.000413600070949039 0.00100880139776179 57
"X.57" 0.000339634831987433 0.000327533718763467 0.000914123958686389 58
"X.58" 0.000461484642734185 0.000336397750429132 0.000861939443854533 59
"X.59" 0.000321382393832083 0.000374224362012892 0.0010449815627725 60
"X.60" 0.000376848031070385 0.000482087348753892 0.000801032635404737 61
"X.61" 0.000404759476735365 0.000497618088767477 0.00088737920431234 62
"X.62" 0.000537347937021286 0.00029917395125639 0.000880320429348563 63
"X.63" 0.000433300232364714 0.000455521571986315 0.00088840668509322 64
"X.64" 0.000450972196664926 0.000389428399463385 0.000920761939969522 65
"X.65" 0.000354709977192776 0.000591757865957369 0.000942138843263465 66
"X.66" 0.000455441114830527 0.000376373498717431 0.0010928494256095 67
"X.67" 0.000481902479460916 0.000763274879086717 0.000864872284126743 68
"X.68" 0.000466503658705483 0.00039356571396411 0.000915514710453238 69
"X.69" 0.000341089612520061 0.00025298073693692 0.000852215338290559 70
"X.70" 0.000370238562730549 0.000640318873708908 0.000873286011517947 71
"X.71" 0.000536575704229609 0.000578869417874052 0.000900812789204193 72
"X.72" 0.000485779631049228 0.000521888288178362 0.000973824059108055 73
"X.73" 0.000425608043884597 0.000479336566406778 0.000817659239769247 74
"X.74" 0.000351698112970952 0.000510871377011068 0.000878349786526512 75
"X.75" 0.000338955272814601 0.00049113521290231 0.00087588956538515 76
"X.76" 0.000387670176055953 0.00042639432511776 0.00096532834294775 77
"X.77" 0.000422639273035367 0.000459530670384762 0.000964725667197938 78
"X.78" 0.000465742733796476 0.000395599054198626 0.000896506661396714 79
"X.79" 0.000425736693221036 0.00050445528573431 0.00103560363761717 80
"X.80" 0.000549710456479321 0.000704094874437665 0.000927091628729713 81
"X.81" 0.0004435465798505 0.000404811367663778 0.000884371388279928 82
"X.82" 0.000459904495661505 0.000407083437587967 0.000946006259354846 83
"X.83" 0.000436939482473052 0.000454619570467586 0.000736649372682287 84
"X.84" 0.000428257023822884 0.000318077578343634 0.00098862527691603 85
"X.85" 0.00033812181965745 0.000368777534884825 0.000936742812849971 86
"X.86" 0.000430314113055182 0.000496377225468603 0.000868294912608494 87
"X.87" 0.000423351755817457 0.000409143345935285 0.000974852282893412 88
"X.88" 0.000335805608810981 0.000777993683481293 0.000857808793368623 89
"X.89" 0.0005069476590085 0.000487385173470333 0.000973031730988002 90
"X.90" 0.000463830835636324 0.000378049754719999 0.000914098929729529 91
"X.91" 0.000414467347985576 0.000619503210442098 0.00107670631559331 92
"X.92" 0.000408979146002073 0.000391355387235225 0.00109315211820048 93
"X.93" 0.000543388234020488 0.000458532427413807 0.000963388101446142 94
"X.94" 0.000400589302784203 0.000526520762884754 0.00106578796840231 95
"X.95" 0.000405402284218658 0.000492874347423022 0.00102685900564062 96
"X.96" 0.000330659967183547 0.000434257688162303 0.00098105926035121 97
"X.97" 0.000400514676633601 0.00029053437705811 0.00106498363299146 98
"X.98" 0.000529714123028458 0.000489973101262476 0.000868419665873621 99
"X.99" 0.000551517904150511 0.000543515469565216 0.000927407203133669 100
"X.100" 0.000295213706683708 0.000445705434062248 0.000870700096237881 101
"X.101" 0.000481449673637034 0.000465705043879336 0.000899537990307327 102
"X.102" 0.000360916976895633 0.000384522227341272 0.000896448968158748 103
"X.103" 0.000390352368222743 0.00053476004169964 0.000928750032457226 104
"X.104" 0.000364612978347461 0.000264503294571343 0.000988348479635647 105
"X.105" 0.000422112835404418 0.000459955266182188 0.000822378918510806 106
"X.106" 0.00044872275010415 0.000436027973640425 0.000829826899658826 107
"X.107" 0.00041182634228113 0.000356774943860619 0.000860952733239903 108
"X.108" 0.000359108557161623 0.000507029695737322 0.000887426151760062 109
"X.109" 0.000399729836113027 0.000570812004039335 0.000858259071882637 110
"X.110" 0.000310790150741301 0.000500566752290599 0.00104684143839542 111
"X.111" 0.000423527113617889 0.000468620005524682 0.000793552564156662 112
"X.112" 0.000438668374938074 0.000371562655202329 0.00104839558197611 113
"X.113" 0.000441548054307466 0.000618219833231505 0.00094755371854641 114
"X.114" 0.000432156738486969 0.000443216079765269 0.000949347853248268 115
"X.115" 0.000490077372801652 0.000526947831711881 0.000837174311799865 116
"X.116" 0.000396722841026839 0.000619961261461281 0.000818285136040796 117
"X.117" 0.000440351354068254 0.000513929039742436 0.000827624335426282 118
"X.118" 0.000471470806402333 0.000583702833258461 0.000920066295084413 119
"X.119" 0.000371138994569364 0.000182111053073701 0.000961055474467588 120
"X.120" 0.000402738752129985 0.000547140606985212 0.000979792514912871 121
"X.121" 0.000394618211000569 0.000391423112732677 0.000850446962926929 122
"X.122" 0.000396629124207637 0.000475281251209256 0.00096364861177029 123
"X.123" 0.000360765820387036 0.000539116246871533 0.00099335255702667 124
"X.124" 0.000521159523471266 0.000602607659657551 0.000912637823761402 125
"X.125" 0.000371800084481098 0.00040562299786263 0.000757037145360169 126
"X.126" 0.000423159480421835 0.000693022379996828 0.000913736018837247 127
"X.127" 0.000370538344096963 0.000411583556645098 0.00102968709065975 128
"X.128" 0.000419418388117192 0.000677760379985239 0.000809620108158065 129
"X.129" 0.00039494678572303 0.000515074708351619 0.000888938300884244 130
"X.130" 0.000295111655577727 0.000516670462873742 0.000878751567162592 131
"X.131" 0.000547482943885141 0.000546235214318434 0.000760477818691816 132
"X.132" 0.000376829566589101 0.000499129068619183 0.000962383905655646 133
"X.133" 0.000304119186611896 0.000402662951888886 0.00114077629371179 134
"X.134" 0.000329558776309423 0.000357114194108153 0.000841532288301178 135
"X.135" 0.000530119689539242 0.000456302086166876 0.00100722165012264 136
"X.136" 0.000472015035719492 0.000378111948397367 0.00105456162030872 137
"X.137" 0.000426125337070331 0.000564374917053788 0.00104591151246925 138
"X.138" 0.000415713906938237 0.000575535414954349 0.000760586609809202 139
"X.139" 0.000420559854616804 0.000536343278082678 0.0010342983221402 140
"X.140" 0.000317911188868287 0.00046875926892739 0.000854920857692511 141
"X.141" 0.000409681664193974 0.00060177590179525 0.000913614138731631 142
"X.142" 0.000441545574981884 0.000465324364921397 0.000918044394498861 143
"X.143" 0.000388010576372508 0.000494871994472969 0.000910483564198832 144
"X.144" 0.000402443733524545 0.000405639593034923 0.0009737871563651 145
"X.145" 0.000344044027397821 0.000385737573350214 0.00114922126600946 146
"X.146" 0.000412722611287018 0.000381657256420193 0.000790200068401358 147
"X.147" 0.000409178253010757 0.000441160138801991 0.000981133851105126 148
"X.148" 0.00036845364279278 0.000229414869211635 0.000888094078520256 149
"X.149" 0.000422567526282206 0.000444337793257339 0.000870274430700356 150
"X.150" 0.000483280386792777 0.000564428433515143 0.000924052035462948 151
"X.151" 0.000533753711630718 0.00059197610849785 0.00088461164743349 152
"X.152" 0.000600354843368981 0.000227607436610444 0.00100154187978741 153
"X.153" 0.000534443993282825 0.000541517028279317 0.000949453747520775 154
"X.154" 0.00040921727457715 0.000508558975769889 0.000832324533355972 155
"X.155" 0.00040481748927102 0.000321323824077018 0.000863150990696298 156
"X.156" 0.000438918334277165 0.000492490980805499 0.000696706300371884 157
"X.157" 0.000395134656983233 0.00052880259324033 0.000843158868494712 158
"X.158" 0.00046639864765557 0.0004632359477922 0.000853927309634386 159
"X.159" 0.000428018154841375 0.00036726780181495 0.00103052870477008 160
"X.160" 0.000439476161229716 0.000425464648960033 0.000963776127244431 161
"X.161" 0.000465914264609202 0.000526397542569646 0.000838914831571166 162
"X.162" 0.000466135685569741 0.000371656969439315 0.000836995778994561 163
"X.163" 0.000356209925470948 0.000595112919468711 0.000743025081038284 164
"X.164" 0.000546677659970205 0.000371422531016651 0.000990625044964681 165
"X.165" 0.000378046597992036 0.000457104136539912 0.000967772336953444 166
"X.166" 0.000475802899551832 0.000391320032900558 0.000808706065818242 167
"X.167" 0.000428917486624149 0.000582096208196575 0.000878477593681906 168
"X.168" 0.00041662631351712 0.000580074196967407 0.000884228639708476 169
"X.169" 0.000560933510268658 0.00067162710613976 0.000882233567093887 170
"X.170" 0.000443513738243416 0.000457450935205887 0.000681627743969035 171
"X.171" 0.000522068180997208 0.00048586681825407 0.000986274985667866 172
"X.172" 0.000402922704411272 0.000517376892881277 0.0010509928035486 173
"X.173" 0.000442450619360441 0.000422647062685981 0.000938630749473724 174
"X.174" 0.000418584675444545 0.000532898294273197 0.000965968321725888 175
"X.175" 0.000343069468635881 0.000471304320583046 0.00090338975352458 176
"X.176" 0.000421134766064798 0.0005052041892048 0.000875923271019654 177
"X.177" 0.000424429340198816 0.000361221071301118 0.00103747404975576 178
"X.178" 0.000463196514860794 0.000491287304889409 0.00094178522737376 179
"X.179" 0.0004493062972514 0.000347837237561655 0.000779427265558945 180
"X.180" 0.000374953287780233 0.000489839815657835 0.0010195085641415 181
"X.181" 0.000480858082085554 0.000538092624900578 0.000899609480185529 182
"X.182" 0.000371192239193265 0.000247936953299565 0.000781633066744723 183
"X.183" 0.00041995505791323 0.000481400024535226 0.000874028626620413 184
"X.184" 0.000315925841250706 0.000553357649762316 0.000890373198241364 185
"X.185" 0.000362179354749423 0.000503357368114935 0.00101048300009537 186
"X.186" 0.000490731999527998 0.000460337596477107 0.00109218129938112 187
"X.187" 0.000529282394857045 0.000698398263892053 0.00108684058369109 188
"X.188" 0.000403837597662928 0.000596031809311447 0.000839570993771107 189
"X.189" 0.0004130032145205 0.00045657917670342 0.000970876873114742 190
"X.190" 0.000529710350965388 0.000551877340508475 0.000811147164425331 191
"X.191" 0.000398985456677537 0.000633264501470224 0.000902201913254381 192
"X.192" 0.000405456458493901 0.000501333398752664 0.00116448412005689 193
"X.193" 0.000527447761085284 0.000476675611989694 0.000883361730767018 194
"X.194" 0.000452903957797268 0.00082910902133522 0.000829601132568323 195
"X.195" 0.000534282055242821 0.000531739911538461 0.000876327605212265 196
"X.196" 0.000456842080406768 0.000533883391430451 0.000967637198331326 197
"X.197" 0.00039860743103952 0.000421466519339273 0.000952738629737439 198
"X.198" 0.000447593792057619 0.000366765078215292 0.000860532825142388 199
"X.199" 0.000435134309159033 0.000445581410031912 0.000786469304133538 200
"X.200" 0.000497593115091275 0.000354805700874836 0.000919199490735521 201
"X.201" 0.00041994765584765 0.000365601916239913 0.000912908911382065 202
"X.202" 0.00045352163229675 0.000247678331229549 0.000847582700048438 203
"X.203" 0.00038630481695287 0.000344581312300095 0.00104320523610526 204
"X.204" 0.000516887967812771 0.00046421782063925 0.000828457162838517 205
"X.205" 0.00040145624895208 0.000605349429952967 0.000879261120204117 206
"X.206" 0.000447659072998591 0.000526465340085701 0.000874742329839608 207
"X.207" 0.000447399079885245 0.000462122078169739 0.000848395533201373 208
"X.208" 0.0004025331619852 0.000473938030395266 0.000906566875213056 209
"X.209" 0.000406477153904322 0.000430633240534255 0.000941485518315763 210
"X.210" 0.000454020502419915 0.0004551688419511 0.00101095782531278 211
"X.211" 0.000381464023846192 0.000320873095983835 0.00091931995630598 212
"X.212" 0.000420265745201055 0.000574579240088586 0.000743199852294602 213
"X.213" 0.000488370868784661 0.000643364529734408 0.000948419218828061 214
"X.214" 0.000445091286200085 0.00072590657907452 0.000851667314807182 215
"X.215" 0.00040668666446108 0.000355135350504821 0.000996580560292318 216
"X.216" 0.000420849988144676 0.000299351717416804 0.000847319545345782 217
"X.217" 0.000370492643801149 0.000609145040619526 0.000903490732949047 218
"X.218" 0.000465342348711302 5.72882466920841e-05 0.000883035044827231 219
"X.219" 0.0004703014006559 0.000407440735696822 0.000991934718119164 220
"X.220" 0.000500450508579948 0.000469989035940222 0.000842555075571118 221
"X.221" 0.000479042822234844 0.000484989816277008 0.000862089974431991 222
"X.222" 0.000363248324914314 0.000485121100417596 0.000995731933112562 223
"X.223" 0.000385593342455219 0.000636225434690588 0.000697656388606049 224
"X.224" 0.000414443898311037 0.000488352193857238 0.000891984339015046 225
"X.225" 0.000481570472994724 0.000515469099240531 0.000817320110018064 226
"X.226" 0.000429298720615875 0.000361929688578669 0.00103619955811515 227
"X.227" 0.000394214268690222 0.000438380806236479 0.00093336516038039 228
"X.228" 0.000387998118015834 0.000211668669725315 0.000778121052142532 229
"X.229" 0.000433628176141111 0.000689263079035939 0.000876596353599003 230
"X.230" 0.000451804390991819 0.000428702172149324 0.0010557249950972 231
"X.231" 0.000449569153637582 0.000456833452120102 0.000778457617656438 232
"X.232" 0.000492379231496935 0.000333580651679675 0.000945059823568367 233
"X.233" 0.000485459316991505 0.000569352785436295 0.000902150401046898 234
"X.234" 0.000501075981346239 0.000578519903416309 0.00101070464973388 235
"X.235" 0.000430837272555301 0.000580905234776096 0.000863587247287368 236
"X.236" 0.000443989475884191 0.000660136516377541 0.000837898333943049 237
"X.237" 0.000434938982634769 0.000419977395363671 0.000939811514361599 238
"X.238" 0.000383864593993439 0.000563569099903944 0.000894066409408065 239
"X.239" 0.000511770671582492 0.000480754317989175 0.00083853161963678 240
"X.240" 0.000348294486528596 0.000462287466055617 0.0010477630831038 241
"X.241" 0.000349367370548364 0.000384501265243583 0.000986947771993796 242
"X.242" 0.00043181029855115 0.000627184519352338 0.000835691653732494 243
"X.243" 0.000357594339430384 0.000309163524775319 0.000869331834098853 244
"X.244" 0.000404368830733655 0.00031631396576416 0.000989237001903854 245
"X.245" 0.000553258605238879 0.000667828616959414 0.00101030678958734 246
"X.246" 0.000469420052868447 0.000632378510220211 0.000963838190954984 247
"X.247" 0.000388418487987943 0.000587949906397249 0.000962187506090404 248
"X.248" 0.000447457949188135 0.000422158676259807 0.000948709658310225 249
"X.249" 0.000462862162084463 0.000529448894532888 0.000762660860117049 250
"X.250" 0.000369110521771367 0.000474901564351909 0.000957206929659783 251
"X.251" 0.000540542322090952 0.000383553147633939 0.000875260786139196 252
"X.252" 0.000407789361316452 0.000531670750628162 0.000880445076765013 253
"X.253" 0.000397064438379159 0.000567147641365908 0.000769253355450095 254
"X.254" 0.00040256276995764 0.00044289124885979 0.000888781925681361 255
"X.255" 0.000488413475583846 0.000234614028883978 0.000771395849432959 256
"X.256" 0.000300424413625623 0.000282380413939802 0.000873155450911674 257
"X.257" 0.000364619612003736 0.000524738068078549 0.00105834684634732 258
"X.258" 0.000357586046555331 0.00055289451135662 0.000879144858513095 259
"X.259" 0.000327216173773704 0.000510190448209292 0.000934876028466459 260
"X.260" 0.000342983006145641 0.000562258583925889 0.00102610108177194 261
"X.261" 0.000397007196377122 0.000373452000186782 0.000817708926133969 262
"X.262" 0.000474230683684063 0.000547904486708821 0.000842515019414495 263
"X.263" 0.0003047146989676 0.000579245553288508 0.000853028998458223 264
"X.264" 0.000427137899417728 0.000590889643566846 0.000859166419329413 265
"X.265" 0.000441340796040122 0.000572325129292437 0.000885896126188869 266
"X.266" 0.000382575227410336 0.000356880617159679 0.000841747726790397 267
"X.267" 0.000408508163193962 0.000264079649623602 0.000991413284167229 268
"X.268" 0.000491728969742898 0.000407764934958832 0.000909757511509484 269
"X.269" 0.000353033041773254 0.000441720726229857 0.00104972546805092 270
"X.270" 0.000304794153474797 0.000485567798111185 0.00103645106332647 271
"X.271" 0.000462488183184106 0.000356908363920467 0.000924094714924483 272
"X.272" 0.000302392566254137 0.00102780007398663 0.000947109113657542 273
"X.273" 0.000618797349896284 0.00031818477155249 0.000988444304829495 274
"X.274" 0.000474680612603061 0.000401134566129701 0.00091628708812455 275
"X.275" 0.000428681972638387 0.000437689357655936 0.000882988620279615 276
"X.276" 0.000367288368596234 0.000455583736132224 0.000980584429440771 277
"X.277" 0.000428287899914154 0.000605756101397773 0.000791673955649483 278
"X.278" 0.000448928369774374 0.000482079668544546 0.000932235436198573 279
"X.279" 0.000452568401676706 0.00047503425985498 0.000874645090606199 280
"X.280" 0.000403589974875693 0.000156644823922187 0.000813815711758754 281
"X.281" 0.000440315596837571 0.000306435433979022 0.000937567025883781 282
"X.282" 0.000314480388536641 0.000457644584281928 0.00115817877463081 283
"X.283" 0.000424371832827602 0.00049408526196711 0.000920793926329001 284
"X.284" 0.00038662948695765 0.00025851199729479 0.00082553589588041 285
"X.285" 0.000439875362869056 0.000415076041229594 0.00104059224711798 286
"X.286" 0.000297934520945903 0.000434836734858217 0.000992817794682885 287
"X.287" 0.00040614391831941 0.000342203207265399 0.0010122521473469 288
"X.288" 0.000361803636258165 0.000284539742701664 0.000875349857928697 289
"X.289" 0.000427173174476829 0.000569169741735657 0.000956101758181806 290
"X.290" 0.000453063844354206 0.000330406175128815 0.00113259460634926 291
"X.291" 0.000275083948772717 0.000543563155233628 0.00123980396095804 292
"X.292" 0.0003183729251588 0.000612169865546457 0.00104093453703939 293
"X.293" 0.000378573884319883 0.000591352241875766 0.000757772898849451 294
"X.294" 0.000310113116973436 0.000514234633498442 0.000670930372886389 295
"X.295" 0.000357502037846316 0.000404443880030933 0.000863991914560696 296
"X.296" 0.000449319685265778 0.000472794486828128 0.000907736987747703 297
"X.297" 0.000443249119982544 0.000558558505809229 0.00104977749837 298
"X.298" 0.000442973487820244 0.000658069882250629 0.000981315648203346 299
"X.299" 0.000430494511069228 0.000351943903987487 0.0011163624493885 300
"X.300" 0.000462665141492503 0.000555410541514943 0.000846600736316037 301
"X.301" 0.000548836044137928 0.00050343761806649 0.000823166176817511 302
"X.302" 0.000392508461190618 0.000527913840102663 0.000950040292358893 303
"X.303" 0.000363269277014012 0.00041273847181731 0.000968901751588944 304
"X.304" 0.000371443898708787 0.000279096080727264 0.000854399312637965 305
"X.305" 0.000451079907787917 0.00042976862846024 0.00101880741047366 306
"X.306" 0.00042963940426606 0.000333174774374122 0.00100623491756934 307
"X.307" 0.000429729139191488 -0.00010760342152894 0.000968057518739952 308
"X.308" 0.000369081686349941 0.000516522448557301 0.000744179897186582 309
"X.309" 0.000411918262108305 0.000407073176173828 0.000747719623714008 310
"X.310" 0.000389963765356737 0.000443897916835293 0.00100793069649175 311
"X.311" 0.000456147870677688 0.000538699400832479 0.000926616171426726 312
"X.312" 0.000478243299496471 0.000570333592752206 0.000962343480513308 313
"X.313" 0.000393280543482276 0.000442415400170377 0.000946941183362856 314
"X.314" 0.000309144089820818 0.000612756472400765 0.000837466135185618 315
"X.315" 0.000444761883604055 0.000417684285391885 0.000913980675439985 316
"X.316" 0.000528307189345057 0.000421739795820098 0.000821456445075573 317
"X.317" 0.000422048225572817 0.00038800829313418 0.000775805078051634 318
"X.318" 0.000398709782318803 0.000478151422575466 0.000994055421100213 319
"X.319" 0.00044657282716627 0.000424989455625234 0.000974466618204202 320
"X.320" 0.00045942197367853 0.000429345063631929 0.000939429483998462 321
"X.321" 0.000368677832353496 0.000538290596466106 0.00098839263650809 322
"X.322" 0.000391123474769114 0.000481927210007489 0.000970095723516627 323
"X.323" 0.000380943986940834 0.000356352520811221 0.000868957323996995 324
"X.324" 0.000360656559570928 0.000563299698179478 0.000932268363036809 325
"X.325" 0.000408820055842352 0.000561209495583256 0.000933080575609445 326
"X.326" 0.000396879586921506 0.000519008535436529 0.000936441041683399 327
"X.327" 0.000488705200052064 0.000395001047368537 0.000892989007125902 328
"X.328" 0.000438471960180324 0.000786101772288704 0.000849834292637239 329
"X.329" 0.000404206794153037 0.000451533655907954 0.00100848487907367 330
"X.330" 0.000313367949213945 0.000582512354567101 0.000884711404492997 331
"X.331" 0.000458010603932116 0.000403759428216567 0.000918529392759713 332
"X.332" 0.000365701710341654 0.000550373583945346 0.000928842301035505 333
"X.333" 0.000431757502788564 0.000534280307098291 0.00110611634342036 334
"X.334" 0.000411682840846729 0.000406664542453875 0.000870492249143877 335
"X.335" 0.000402021277507943 0.000470247044681306 0.000824810556361816 336
"X.336" 0.000433672353544106 0.000472369580386383 0.0009504634853525 337
"X.337" 0.000428484738205708 0.000524991524929916 0.000953414436408436 338
"X.338" 0.000416960691588257 0.000722370335308149 0.00114431183132004 339
"X.339" 0.000377177325255514 4.37754172433693e-05 0.000893333588050209 340
"X.340" 0.000391683195867224 0.000565966529091038 0.000874142008067131 341
"X.341" 0.00041548996534837 0.000432412770147213 0.000920318371619057 342
"X.342" 0.000313119828423686 0.000564772903597601 0.000780891989016497 343
"X.343" 0.000391618559352318 0.000281705810962455 0.000996395090449042 344
"X.344" 0.000456689139006071 0.000450748976383677 0.00101109265216588 345
"X.345" 0.000436654947017119 0.000534302969658443 0.000963452411130321 346
"X.346" 0.000446057985151885 0.000307598807558098 0.00104711065280727 347
"X.347" 0.000351890165777824 0.000589286600827265 0.000954544019570081 348
"X.348" 0.000352781654973379 0.000616285300026559 0.000900683531110483 349
"X.349" 0.000433545997672926 0.000372444550677324 0.000769301053056699 350
"X.350" 0.00054669072767786 0.000570868558819633 0.000825315596878663 351
"X.351" 0.000381040536317142 0.000478802761530549 0.000850579006154101 352
"X.352" 0.000395661841456766 0.000477769727249889 0.000866753438318839 353
"X.353" 0.000442411102261629 0.000525010857305421 0.000973898974128517 354
"X.354" 0.000291535793800959 0.000530939865754308 0.000895165837692717 355
"X.355" 0.000395329885658984 0.000493395277407342 0.000835531381712572 356
"X.356" 0.000398262213330365 0.000473421100232739 0.000898272299528417 357
"X.357" 0.000405473090158106 0.000444908322997215 0.000931367659913514 358
"X.358" 0.000386030572508119 0.000397300597096169 0.00089915873658262 359
"X.359" 0.000391562666373955 0.000650680207305061 0.000996903757883906 360
"X.360" 0.000484681668002758 0.000548920124176393 0.000900999727820274 361
"X.361" 0.000494495309219237 0.000594818390982791 0.000926426646389083 362
"X.362" 0.000434763150228466 0.000693730722141501 0.00093716086208772 363
"X.363" 0.000373968426026647 0.000703312995939662 0.000947557552397649 364
"X.364" 0.000427995594381466 0.000325869089892396 0.000992984640505746 365
"X.365" 0.000449488044761128 0.000552607486929403 0.000812980336299605 366
"X.366" 0.000381116327120436 0.000484323290351146 0.000947672529630895 367
"X.367" 0.000409457552945333 0.000455292929409959 0.00075364990067487 368
"X.368" 0.000345678616726657 0.000636668610250169 0.00109994084727122 369
"X.369" 0.000480289905758721 0.000378686595498005 0.000971757861934747 370
"X.370" 0.000410200996239987 0.000468847344327032 0.0010288859063419 371
"X.371" 0.000548572913424615 0.000481249226774252 0.000911795167952023 372
"X.372" 0.000485982471927913 0.000559282112984431 0.000847435762476825 373
"X.373" 0.000441189181213782 0.000522754898451516 0.00110345837826572 374
"X.374" 0.000458173802165042 0.0004179322542904 0.000875215458657591 375
"X.375" 0.00056355740642661 0.000502428005200824 0.00105374938553521 376
"X.376" 0.000513424061251933 0.000284516178533978 0.000933654781365626 377
"X.377" 0.000335887276196158 0.000635033283072481 0.000835692526086551 378
"X.378" 0.00046891755587804 0.000393736471474792 0.000863946299054262 379
"X.379" 0.000441266392681544 0.000459289974464355 0.000895755398327775 380
"X.380" 0.000436927771130393 0.000430158367809079 0.000899007641772508 381
"X.381" 0.000329693983159039 0.000434794982156979 0.00113039008519665 382
"X.382" 0.000365160980233701 0.000538541404268372 0.000856521959950965 383
"X.383" 0.000429144286597838 0.000409027512534349 0.000992177937223921 384
"X.384" 0.000380282725679117 0.000475738772167286 0.00105070144354847 385
"X.385" 0.000354676114948755 0.000347474265571203 0.000942422029160278 386
"X.386" 0.00038847903760761 0.000446431101427752 0.000811311447983216 387
"X.387" 0.000368277370248619 0.00035309107608875 0.000992842396385697 388
"X.388" 0.000439704498109704 0.000442029102064721 0.000920113767536398 389
"X.389" 0.000473686365965529 0.000456392040526387 0.000896716616616987 390
"X.390" 0.000421375505468199 0.000451622180447662 0.000938917650657737 391
"X.391" 0.00040784578445699 0.000557316320616681 0.00104069881929245 392
"X.392" 0.00038506020874598 0.000612722795591289 0.000975387887445626 393
"X.393" 0.000416453961954303 0.000541626774230149 0.000804891678677917 394
"X.394" 0.000363224941617582 0.000598996701306717 0.000747149341567992 395
"X.395" 0.000473761778049003 0.000396870095851553 0.000943562118587287 396
"X.396" 0.000417824716944806 0.000559435754975782 0.000836830316391533 397
"X.397" 0.000469904593482068 0.000580537259186277 0.000940087911274519 398
"X.398" 0.000508203585788785 0.000567907371944273 0.0010593558622517 399
"X.399" 0.000405522873279978 0.000596789036153902 0.000897789210035199 400
"X.400" 0.000301876014490279 0.000403733043016463 0.00100657712668293 401
"X.401" 0.000544694102552884 0.000413842059726903 0.000927702368986935 402
"X.402" 0.00046372423900327 0.000396379531289552 0.000857680217463809 403
"X.403" 0.000315943334021916 0.000748540835298002 0.000940129361734923 404
"X.404" 0.000376768736549493 0.000859909166816757 0.0009195659083452 405
"X.405" 0.000416371511735304 0.000581466769458072 0.000773618045454561 406
"X.406" 0.000345099775984434 0.000403958291737689 0.000951041913971968 407
"X.407" 0.000425995719500203 0.000450582230037548 0.000840350532112873 408
"X.408" 0.000355591392713757 0.0004735461224724 0.000930850266722263 409
"X.409" 0.000404745382082465 0.000674350154728174 0.000892045443133161 410
"X.410" 0.000436714288988066 0.000457370862875944 0.000848354367951733 411
"X.411" 0.000374516505505082 0.000553050747261824 0.000973642185822036 412
"X.412" 0.000410410560736692 0.000418344396855645 0.000939394394718134 413
"X.413" 0.0004418807759773 0.00044459487953572 0.000989194878624144 414
"X.414" 0.000488729198751265 0.000502949657351948 0.00084884524771993 415
"X.415" 0.000354435611146253 0.000572808302249266 0.000961794212044784 416
"X.416" 0.000404951063567921 0.000477897660005411 0.000869976368256942 417
"X.417" 0.000440359774388524 0.000441255787198525 0.00106459441853396 418
"X.418" 0.000424057515713643 0.000425291252892767 0.000839340112318698 419
"X.419" 0.000420818755732038 0.000498842133004161 0.00097369483431321 420
"X.420" 0.000425985322622305 0.000487281226606505 0.000826072937817725 421
"X.421" 0.00041270822555696 0.000467716204212824 0.000914200292313789 422
"X.422" 0.000398941686831448 0.000635538750028567 0.000840598279275893 423
"X.423" 0.000404495351722637 0.000484332233904493 0.000882136918756828 424
"X.424" 0.000437762683846649 0.000244237543784307 0.000918518147162992 425
"X.425" 0.000432601255046184 0.000532886025099224 0.00100376011765027 426
"X.426" 0.000429401507411328 0.000472956587665185 0.000954485873983797 427
"X.427" 0.000410976714388109 0.000532912054662137 0.000889943562675797 428
"X.428" 0.000479114955472012 0.00051187857000534 0.00108677963580947 429
"X.429" 0.000431353819191428 0.000404457493671189 0.000783186196611113 430
"X.430" 0.000461593980549918 0.00043934387270255 0.000875430194346168 431
"X.431" 0.00050921511418081 0.000384903301343043 0.000939116758324485 432
"X.432" 0.000456877425531517 0.000479766156912933 0.000945007214270874 433
"X.433" 0.000488691172471962 0.000596558355847129 0.000870840976091637 434
"X.434" 0.000437959951552929 0.000586755743081155 0.00100042329544413 435
"X.435" 0.000388172617114283 0.000537563213463305 0.000797453651900504 436
"X.436" 0.000406491618993217 0.000515568959495228 0.00103551577052318 437
"X.437" 0.000390717311044512 0.000495526178652389 0.00101563992318703 438
"X.438" 0.000414530853454433 0.000544070349106833 0.00102259618125681 439
"X.439" 0.00044862730603085 0.000562508407002829 0.000842050154840075 440
"X.440" 0.000310720201191221 0.000559890688733943 0.000946813924043612 441
"X.441" 0.000546589209004059 0.000343534787028963 0.000927912965792983 442
"X.442" 0.000413734108564478 0.000554768002451538 0.000949079284059435 443
"X.443" 0.000514651790990702 0.000339780839918332 0.000888171410777424 444
"X.444" 0.000487514175863464 0.000590314582085381 0.00092975020737718 445
"X.445" 0.000424855850611348 0.000505666675668765 0.000990698538554123 446
"X.446" 0.000514161585285043 0.000426810230508526 0.000994617131212909 447
"X.447" 0.000378887997193377 0.000560322274269586 0.000876627275346977 448
"X.448" 0.000404982665949488 0.000359394318874425 0.000789690026851738 449
"X.449" 0.000485975926916641 0.000316933598260469 0.00100212913432692 450
"X.450" 0.000357402014234064 0.000610460970946989 0.000925029015480659 451
"X.451" 0.000455242302640759 0.000414703519819019 0.000973755912500177 452
"X.452" 0.000367255206785727 0.000611900512090308 0.000892662067406293 453
"X.453" 0.000473834432842294 0.000387022275666095 0.000884950498384177 454
"X.454" 0.000501601471696819 0.000367392425278587 0.000917379866160251 455
"X.455" 0.000375984303264185 0.000466189059554044 0.000688613678858336 456
"X.456" 0.000358417037962207 0.00054235588515329 0.000921767048618862 457
"X.457" 0.000428738877501909 0.000503881626626318 0.000916872564677747 458
"X.458" 0.000451010489833654 0.000485107535597427 0.000889332809884156 459
"X.459" 0.000367604286112691 0.000500718750305437 0.000925231496307439 460
"X.460" 0.000451945299989279 0.000594924229742641 0.00102153322551239 461
"X.461" 0.00032594331733513 0.000470096258567865 0.000955925043467519 462
"X.462" 0.000416287337199573 0.000426557034212997 0.000844279780215739 463
"X.463" 0.00047280117381481 0.000460920469323002 0.00097749482194658 464
"X.464" 0.00044779158751727 0.00016626833342131 0.000980528839896139 465
"X.465" 0.000464855451874862 0.000475243626309419 0.000928535538201495 466
"X.466" 0.00051255267030402 0.000418589052897586 0.000839422187471555 467
"X.467" 0.000345238724905881 0.000772393581233731 0.000945724835473305 468
"X.468" 0.000369912953842071 0.000557914381529425 0.000857170358312067 469
"X.469" 0.000358464872523295 0.000375496182610532 0.000879534886056951 470
"X.470" 0.000492797495946309 0.000380392504965292 0.000802887512811073 471
"X.471" 0.000450629080183118 0.000554567648808118 0.000960776499761166 472
"X.472" 0.000442922641013921 0.000672923135694613 0.000933633586169257 473
"X.473" 0.000404539139929228 0.00043747337844249 0.000790433167602567 474
"X.474" 0.000320835534341361 0.000200554029692485 0.000858519766152714 475
"X.475" 0.000419489431961908 0.000409383773705477 0.00105186095824928 476
"X.476" 0.000424478734457283 0.000630326713033542 0.000859192523325981 477
"X.477" 0.000511770455499029 0.000294653905341898 0.000734555841432217 478
"X.478" 0.000374818435017766 0.000498599806618274 0.00101271524420531 479
"X.479" 0.000422043273022726 0.000450830508199264 0.000916212627079863 480
"X.480" 0.000374779841019045 0.000494072608843049 0.000781233785579158 481
"X.481" 0.000401006632550966 0.00036046102526384 0.000903258949365377 482
"X.482" 0.000382734819380166 0.000485369741428185 0.000950814637093379 483
"X.483" 0.000390141129073971 0.000413362279864877 0.00103105431986545 484
"X.484" 0.000383565860358166 0.000569581287709565 0.00102434803325194 485
"X.485" 0.000489119664256515 0.000857960689705803 0.00101593157157245 486
"X.486" 0.000477414043234138 0.000578935235614435 0.00103886176175857 487
"X.487" 0.000450074221844654 0.000527328596304823 0.000910030469836779 488
"X.488" 0.000546785256029074 0.000383431286070997 0.000963279762549772 489
"X.489" 0.000461565839391683 0.000558312232469303 0.00101294635448217 490
"X.490" 0.000461091413389183 0.000518762443912959 0.000925852343614009 491
"X.491" 0.000500750435323675 0.000282818519275112 0.00107742551938219 492
"X.492" 0.000436835776224571 0.000587813023691643 0.0011217351088024 493
"X.493" 0.000462668803041001 0.000400506347504593 0.000833748545418091 494
"X.494" 0.000422397279074611 0.000564249981847591 0.000760944532434714 495
"X.495" 0.000506643856151373 0.000522206548595348 0.000745937511270467 496
"X.496" 0.000360705618619776 0.00035942370005991 0.000965147153635647 497
"X.497" 0.000423906556217209 0.000468861634347901 0.000954228084184061 498
"X.498" 0.000442836459336122 0.000562884816891967 0.000943989646423634 499
"X.499" 0.000369036563539447 0.000441123565304772 0.000729270949073375 500
