"ab" 0.890761500288271 1.08531056763598 1.56017700748976 0
"X" 0.893429636256507 1.08071084339819 1.58605555623532 1
"X.1" 0.892011257361451 1.07123820569003 1.56071286956986 2
"X.2" 0.890072174293268 1.09284803456564 1.54171653232869 3
"X.3" 0.893378032427258 1.06742329223004 1.54481367449054 4
"X.4" 0.894477929969913 1.08289196310789 1.56571421912899 5
"X.5" 0.884564699520539 1.0797300063473 1.56834526691236 6
"X.6" 0.888522295338612 1.07807502192211 1.55942786277185 7
"X.7" 0.890125563962734 1.09844656007293 1.57374499410084 8
"X.8" 0.885231360439449 1.08509551872571 1.56885571573454 9
"X.9" 0.888664614897949 1.09050633805521 1.55346456761017 10
"X.10" 0.88727621976135 1.08340741463522 1.56460746014486 11
"X.11" 0.882884995760387 1.09815268791247 1.5711699361551 12
"X.12" 0.895472462695006 1.09183732097636 1.54872756977706 13
"X.13" 0.893039226474217 1.0813438363765 1.55516493128987 14
"X.14" 0.893013411823144 1.08742025406112 1.55014014568486 15
"X.15" 0.880104642746468 1.09504883587951 1.56635572472696 16
"X.16" 0.892392797083963 1.08701290661016 1.57241839458126 17
"X.17" 0.883710464325778 1.08553747843078 1.5602835464039 18
"X.18" 0.890811807346914 1.08526525142783 1.57561109740088 19
"X.19" 0.885997887187606 1.08186762145954 1.57875856307078 20
"X.20" 0.891775925394172 1.08588326470821 1.57642267005823 21
"X.21" 0.883494292469974 1.08593229659616 1.54449695894062 22
"X.22" 0.891434043727606 1.08058196127006 1.52593150410477 23
"X.23" 0.886097540537277 1.0832863635385 1.56154263240776 24
"X.24" 0.897059330746249 1.08590792867375 1.5611427467677 25
"X.25" 0.894250317377228 1.08326574538077 1.56234303421729 26
"X.26" 0.897852595012739 1.08744626581095 1.55569155637172 27
"X.27" 0.894924684099928 1.09336101345465 1.55030567061741 28
"X.28" 0.892322221384458 1.08063033691975 1.56614711362883 29
"X.29" 0.889022765459382 1.09456269002282 1.57232719477161 30
"X.30" 0.888367886437854 1.0774617216269 1.55804587011648 31
"X.31" 0.887034894093846 1.08725345992961 1.56295564370589 32
"X.32" 0.880779434190837 1.0915314453767 1.56227700756562 33
"X.33" 0.89980416142084 1.08084813678145 1.56309075591918 34
"X.34" 0.887096396997515 1.10632893617952 1.57248874442796 35
"X.35" 0.8936159613508 1.09250460933938 1.57080261835546 36
"X.36" 0.896254488176139 1.07062605148763 1.56626093279505 37
"X.37" 0.886797825044844 1.09345366765147 1.55131833214073 38
"X.38" 0.887144491064408 1.07168597199264 1.58091654827218 39
"X.39" 0.897146866320363 1.08578288929909 1.55582816077364 40
"X.40" 0.896969702732387 1.08040005690602 1.55974264691993 41
"X.41" 0.891754865944425 1.07069681526531 1.56466315116156 42
"X.42" 0.885596685242038 1.09657332254256 1.58529235931357 43
"X.43" 0.897695964660204 1.08211370797637 1.55088309914579 44
"X.44" 0.899699053373698 1.08514575905887 1.56490523291377 45
"X.45" 0.891322589503942 1.09101064434872 1.55653015737619 46
"X.46" 0.893250549766148 1.07483636810294 1.57255661270693 47
"X.47" 0.89264356886369 1.07974176547979 1.55653632778113 48
"X.48" 0.888430631196394 1.08900780401049 1.56307225099467 49
"X.49" 0.887080090506392 1.09793770199192 1.56860534973267 50
"X.50" 0.887353460137452 1.08943660322894 1.55441663714312 51
"X.51" 0.898645163040415 1.09601992220293 1.55506608930812 52
"X.52" 0.889019630960388 1.09615994514588 1.5684300204466 53
"X.53" 0.88929301593299 1.08925427885331 1.57776713944571 54
"X.54" 0.892994277075929 1.0802560303595 1.56055665007579 55
"X.55" 0.897795783173835 1.08039003823811 1.55467183938475 56
"X.56" 0.887622859686677 1.09186950845281 1.54643986773873 57
"X.57" 0.884471795348757 1.0830422664191 1.55885699235402 58
"X.58" 0.888198472021025 1.08212466386002 1.54273428233573 59
"X.59" 0.890761475325982 1.09952959067762 1.57085641647126 60
"X.60" 0.887382593809481 1.0743836154735 1.55585939764492 61
"X.61" 0.881107412014379 1.0732233760946 1.56748994971978 62
"X.62" 0.894722505401966 1.09358040553108 1.56799201117924 63
"X.63" 0.889080570213465 1.08561604591039 1.58351705185959 64
"X.64" 0.892188498430199 1.08355500474694 1.55347730380347 65
"X.65" 0.903733467166604 1.0848919293686 1.55396481925424 66
"X.66" 0.891236548965881 1.07164216290569 1.55207617275846 67
"X.67" 0.891019913124529 1.08804551635879 1.55492439925222 68
"X.68" 0.886369460716184 1.08567453034689 1.5702281291858 69
"X.69" 0.87941463381497 1.0792592521458 1.54351119252889 70
"X.70" 0.886361736344668 1.09515597008527 1.55850251306737 71
"X.71" 0.88881058364705 1.08973448752081 1.57346885621409 72
"X.72" 0.893827021421272 1.07555647697741 1.55788331062957 73
"X.73" 0.890248498661645 1.06820323210935 1.55448954682525 74
"X.74" 0.881227373183297 1.08004949311369 1.54859000787551 75
"X.75" 0.889500797799618 1.08533486262899 1.54468948831198 76
"X.76" 0.887896103360241 1.07538859186437 1.55671782456225 77
"X.77" 0.887558378185093 1.07186602695585 1.56033228031365 78
"X.78" 0.884451964786845 1.08790145591969 1.57049020221181 79
"X.79" 0.88741287703337 1.07620963668556 1.56090996035144 80
"X.80" 0.88491739545173 1.08610804540613 1.56922544067154 81
"X.81" 0.88374029782998 1.07716451457524 1.54659297377307 82
"X.82" 0.884055103942842 1.09745267798535 1.55587911644885 83
"X.83" 0.88829578150204 1.08203000184245 1.55276013221845 84
"X.84" 0.888154241664101 1.08975942609337 1.56000275900462 85
"X.85" 0.894798199709754 1.07484520378701 1.58294988001089 86
"X.86" 0.899554026198855 1.08931447731367 1.54845025722098 87
"X.87" 0.891206983098529 1.08941355948305 1.54907401774023 88
"X.88" 0.895748368461948 1.08598839290939 1.55160439495212 89
"X.89" 0.894417344443199 1.08782331973458 1.55369100293267 90
"X.90" 0.89495338346806 1.08679060903782 1.56155274645553 91
"X.91" 0.890640974141884 1.08445054943304 1.54077999135868 92
"X.92" 0.883484133543052 1.087206421838 1.57332682087957 93
"X.93" 0.892969764495829 1.07743670449298 1.57901655026545 94
"X.94" 0.890087590711844 1.08481870601022 1.56857091266695 95
"X.95" 0.881052111901371 1.09140374719802 1.58014885234495 96
"X.96" 0.888795600203699 1.1067281021199 1.55099914603293 97
"X.97" 0.886965193242933 1.09514797283132 1.56378812918809 98
"X.98" 0.888537012489038 1.08917392290508 1.5746588741503 99
"X.99" 0.889680820200231 1.08421165480395 1.56770561784854 100
"X.100" 0.891334061960694 1.07776839898211 1.56759982610501 101
"X.101" 0.894758342871532 1.09183609885748 1.54282585094238 102
"X.102" 0.894295300682512 1.0918810968295 1.55683321885143 103
"X.103" 0.890080155770867 1.10471211312388 1.56459512265438 104
"X.104" 0.8936788899084 1.09844224482461 1.57896114339218 105
"X.105" 0.890228250604952 1.0967961740921 1.55795221718614 106
"X.106" 0.899562699257636 1.09295492630828 1.57806852306417 107
"X.107" 0.899375954112899 1.08375755617651 1.54838880569987 108
"X.108" 0.879490042531841 1.08269327536556 1.56565493728335 109
"X.109" 0.888558267076155 1.0902060505543 1.58276435527482 110
"X.110" 0.890438682472282 1.08314037804091 1.56130700386328 111
"X.111" 0.892466313923411 1.09337797705965 1.57633129865728 112
"X.112" 0.890720924651972 1.08853231878089 1.5636349097095 113
"X.113" 0.896343080571868 1.09334880218427 1.56142805989397 114
"X.114" 0.888666306213856 1.09572698500144 1.54895810311799 115
"X.115" 0.8970879734879 1.08794415216097 1.56248633495359 116
"X.116" 0.880049801681923 1.08351411341502 1.54235107513861 117
"X.117" 0.889063014447895 1.07989495727432 1.568531139562 118
"X.118" 0.897890595532185 1.07940015054035 1.57127759886822 119
"X.119" 0.881020642351324 1.07548843943425 1.56514584671186 120
"X.120" 0.88838150149163 1.07669474249249 1.56024504106227 121
"X.121" 0.890672550968075 1.0854043247526 1.54481575937821 122
"X.122" 0.90076023345871 1.08103057608751 1.55288541716795 123
"X.123" 0.888419064058236 1.07968452526451 1.58075559871683 124
"X.124" 0.895668514291235 1.09559629811815 1.56910832248402 125
"X.125" 0.890903318542203 1.09402951070362 1.55158733724327 126
"X.126" 0.888381572269911 1.07167400729564 1.54987052935388 127
"X.127" 0.890323948600381 1.08161895027189 1.56947500606619 128
"X.128" 0.886863958256032 1.08420245756333 1.57091699828258 129
"X.129" 0.88579393891099 1.08914681133959 1.55565328824436 130
"X.130" 0.887613031859359 1.07715864325812 1.5786766486334 131
"X.131" 0.879367513371255 1.09623821044381 1.55213521465201 132
"X.132" 0.894753767657777 1.08077245987476 1.54275616294779 133
"X.133" 0.893004204496259 1.08840868622438 1.57041594549935 134
"X.134" 0.885165757215956 1.0785566423464 1.58148967509243 135
"X.135" 0.894589431155358 1.09780002198233 1.56549561870926 136
"X.136" 0.893109886413291 1.10126412290541 1.56530537261292 137
"X.137" 0.892326884688839 1.08473768264118 1.56420676014408 138
"X.138" 0.890302175737635 1.08550710967424 1.55666915549019 139
"X.139" 0.89175194370253 1.09424608586371 1.56693449352745 140
"X.140" 0.888520714700503 1.09228082999075 1.56935836518535 141
"X.141" 0.887333446496526 1.08805085391743 1.54832748901377 142
"X.142" 0.891172681746769 1.07997133810646 1.55923346874374 143
"X.143" 0.890252791919208 1.10126094602685 1.54373116853138 144
"X.144" 0.896006837945127 1.09116653042788 1.55717871484628 145
"X.145" 0.890888469716476 1.07841593909463 1.56678320795648 146
"X.146" 0.886908156727447 1.07437438739143 1.5490068177033 147
"X.147" 0.884990021546003 1.08922561194729 1.55458358773738 148
"X.148" 0.892082229873354 1.07998963217558 1.54989704890342 149
"X.149" 0.890425536150931 1.08299943148452 1.54329669003077 150
"X.150" 0.90410741179832 1.08196291815667 1.5492179581611 151
"X.151" 0.88695290104327 1.07527413736385 1.54948197026106 152
"X.152" 0.888461654273061 1.08610587601675 1.56210691786001 153
"X.153" 0.896695229902156 1.0921139376593 1.55867474295074 154
"X.154" 0.896836798832828 1.07918065304186 1.55855821448786 155
"X.155" 0.896146717570027 1.08546607241627 1.55781891957312 156
"X.156" 0.886002147375471 1.0748015548823 1.55162729498111 157
"X.157" 0.895814054916181 1.07946739079873 1.56666218219849 158
"X.158" 0.885925164104303 1.08960214650628 1.53694168087194 159
"X.159" 0.890917062746049 1.08496206754143 1.5828191121204 160
"X.160" 0.891063992292821 1.06973462618891 1.56291180194396 161
"X.161" 0.892762978910358 1.07573823492052 1.53845222151026 162
"X.162" 0.88731484923411 1.07254815194034 1.55722516461436 163
"X.163" 0.884635629802672 1.09283945860935 1.56807777406395 164
"X.164" 0.902156361415484 1.09884113835487 1.54138294928563 165
"X.165" 0.894482043779216 1.07576370470428 1.56848490570762 166
"X.166" 0.887462760236773 1.08933201858027 1.57757628448474 167
"X.167" 0.894772674263709 1.08770367805156 1.5527606983345 168
"X.168" 0.884696495812023 1.09168920457411 1.55745626809001 169
"X.169" 0.887331422667541 1.09422740280565 1.55334317571641 170
"X.170" 0.889349558422339 1.08001993203108 1.55196312011857 171
"X.171" 0.899794948971275 1.09202276135843 1.56050540809339 172
"X.172" 0.891444509416529 1.08275419684202 1.57913154778834 173
"X.173" 0.88898859171046 1.07092947019719 1.55922188701818 174
"X.174" 0.885553243309027 1.08934206230938 1.57633847839406 175
"X.175" 0.88658058801495 1.08071782698509 1.55257010221611 176
"X.176" 0.889095471193165 1.08392426253134 1.56372489588535 177
"X.177" 0.891043932607235 1.09845313645212 1.5849348816095 178
"X.178" 0.892401128924762 1.10454927320237 1.56721246744322 179
"X.179" 0.896040721950464 1.08811887183282 1.55533164507637 180
"X.180" 0.894763198884751 1.09275465617002 1.56089381685236 181
"X.181" 0.895531764558311 1.07843476628698 1.56569554730562 182
"X.182" 0.892041168041798 1.09499900203073 1.54419474193475 183
"X.183" 0.889704516158354 1.09882140572821 1.5580268718966 184
"X.184" 0.9006237912269 1.0767344442638 1.56710777687642 185
"X.185" 0.884801277477844 1.08969378364776 1.56880476534783 186
"X.186" 0.899318816457627 1.08289741064908 1.56445785981874 187
"X.187" 0.89355639266531 1.08588823336555 1.56455082219762 188
"X.188" 0.891437611442339 1.0961253352562 1.55078842547181 189
"X.189" 0.890375300182514 1.09625667224847 1.54051163345654 190
"X.190" 0.891398525555079 1.08887982740077 1.56852956309687 191
"X.191" 0.891718767740256 1.07083424349216 1.57154464344087 192
"X.192" 0.884216690985592 1.09240057176568 1.55112475857537 193
"X.193" 0.886848993335886 1.08306621511197 1.55279297554268 194
"X.194" 0.890545952443199 1.07445774786507 1.56261215865515 195
"X.195" 0.890098168474494 1.06947206152898 1.56414425915079 196
"X.196" 0.889574208670029 1.08632477980624 1.56183155744791 197
"X.197" 0.895888507991528 1.09131733828874 1.57264125114319 198
"X.198" 0.885483190090138 1.08381791380801 1.56068926258542 199
"X.199" 0.883584793649441 1.07484139830374 1.54674997373422 200
"X.200" 0.897493546860886 1.0840614419561 1.56315344579342 201
"X.201" 0.898893518326483 1.08417362539958 1.55331255977138 202
"X.202" 0.895802754271682 1.08337665315147 1.56696851526029 203
"X.203" 0.894200234589872 1.07425928966614 1.56539313231756 204
"X.204" 0.883050281150096 1.08529406112267 1.57281948865544 205
"X.205" 0.888384310374541 1.07707023998122 1.57583966452065 206
"X.206" 0.888380859206945 1.08137056907433 1.55077112315319 207
"X.207" 0.89284665456279 1.08237237157486 1.54284654010219 208
"X.208" 0.892522709633904 1.07479126651577 1.57914194675636 209
"X.209" 0.897037174163002 1.09375953008799 1.55997951815351 210
"X.210" 0.899190750796103 1.07591945895544 1.57969505966206 211
"X.211" 0.889427604144264 1.0926715986828 1.56288663155905 212
"X.212" 0.90082125076594 1.09296394830154 1.55228252652274 213
"X.213" 0.889287162314081 1.07126396371525 1.55722349365283 214
"X.214" 0.891668811732212 1.08346788924563 1.5653229044115 215
"X.215" 0.889363952581898 1.08126323990391 1.56140321631625 216
"X.216" 0.892091633793408 1.09377978562388 1.55765817359608 217
"X.217" 0.884017050147537 1.0773126721953 1.54908620070936 218
"X.218" 0.884768083596048 1.07705345124911 1.53278145404652 219
"X.219" 0.895294312453542 1.07089502260578 1.56583348715655 220
"X.220" 0.892010621720299 1.07550827794091 1.55339020681164 221
"X.221" 0.900322898314499 1.08340625210892 1.55273231300759 222
"X.222" 0.891043372775954 1.08134561890447 1.56988367184053 223
"X.223" 0.896247404365267 1.09673481565698 1.5672098395087 224
"X.224" 0.880828825584819 1.09407189654741 1.54939049002809 225
"X.225" 0.889611177791538 1.11212100869273 1.56218539613074 226
"X.226" 0.892854068656358 1.08792288162046 1.57510777127283 227
"X.227" 0.880651611948647 1.08585066720147 1.55672685949855 228
"X.228" 0.891051338958947 1.08627966875693 1.55192267438682 229
"X.229" 0.892854464796465 1.08836772630023 1.5442062415288 230
"X.230" 0.896676030001395 1.06843314459771 1.5486800136011 231
"X.231" 0.882510718771173 1.08600687790726 1.55021632203008 232
"X.232" 0.891757693577522 1.09818673235303 1.56193255666558 233
"X.233" 0.899284092325026 1.08127130556784 1.54973495933058 234
"X.234" 0.887387474180693 1.08587822491941 1.54176613864662 235
"X.235" 0.889859912241098 1.09067136334478 1.55333915695271 236
"X.236" 0.883877830743853 1.08906249711319 1.55030409853418 237
"X.237" 0.885569870412208 1.07880626408005 1.55008077249911 238
"X.238" 0.892087942332114 1.06296241178521 1.55826892680068 239
"X.239" 0.891338078990798 1.08097439484662 1.54965925644076 240
"X.240" 0.889976717562871 1.06473357008102 1.56295469906608 241
"X.241" 0.883780132068354 1.09345623667987 1.56654539183503 242
"X.242" 0.886804339030114 1.08781600137062 1.55988384263708 243
"X.243" 0.885519255927499 1.08153891067657 1.5633682629918 244
"X.244" 0.884503626312949 1.09159570449881 1.56570481385749 245
"X.245" 0.904229683839426 1.08271763329195 1.56140941213668 246
"X.246" 0.892671049648576 1.08051763442562 1.56255912877802 247
"X.247" 0.889854304587025 1.08160379006587 1.57468931807929 248
"X.248" 0.882232765772332 1.08142411426459 1.55040270153123 249
"X.249" 0.883818532199579 1.07807296203796 1.5585898636645 250
"X.250" 0.884504773890057 1.08247516796983 1.57219939194424 251
"X.251" 0.886762458626035 1.08325185296557 1.55776540122445 252
"X.252" 0.897110578482861 1.086894782962 1.58187931600033 253
"X.253" 0.900268448231727 1.07119368299787 1.55695626392521 254
"X.254" 0.893829577096886 1.08391045402032 1.56365008247725 255
"X.255" 0.899416047136976 1.09143884003402 1.54808602449883 256
"X.256" 0.889884995364943 1.09378584581628 1.57263979644881 257
"X.257" 0.901786346833057 1.08323251210397 1.57353068146619 258
"X.258" 0.883971915374317 1.07233773840361 1.5558746918075 259
"X.259" 0.894290866539287 1.07799100831303 1.57099043433581 260
"X.260" 0.890125752244179 1.08960940446249 1.55499417323257 261
"X.261" 0.893650781542765 1.08123765402829 1.54387737828032 262
"X.262" 0.89972721751341 1.07579949503518 1.56744261374221 263
"X.263" 0.888797265975278 1.07297171450049 1.53929595696691 264
"X.264" 0.886695315697293 1.07679987639243 1.56569063467863 265
"X.265" 0.88826294224115 1.07951304115961 1.56248197484679 266
"X.266" 0.891829974675269 1.06855857042985 1.57207303905445 267
"X.267" 0.886393062485286 1.07442733537428 1.55675305910809 268
"X.268" 0.902246930125889 1.09317708978188 1.5573383750882 269
"X.269" 0.887985366056484 1.07145030137208 1.57055239068751 270
"X.270" 0.898298033574592 1.08744000445856 1.5527688253029 271
"X.271" 0.898756316933359 1.08488133085585 1.57938493654176 272
"X.272" 0.884079437747833 1.09587237953075 1.55699951338122 273
"X.273" 0.890100587690331 1.09022277655204 1.58329757374084 274
"X.274" 0.891054169490121 1.08042916486355 1.56768245768052 275
"X.275" 0.891040870592128 1.08133569127657 1.55413950631227 276
"X.276" 0.891944785815997 1.0781272741596 1.55091258055402 277
"X.277" 0.891996121662984 1.07107839755713 1.57336531735698 278
"X.278" 0.879029499262333 1.09123776975418 1.5450128269348 279
"X.279" 0.885805472684062 1.07771802980813 1.57041019104432 280
"X.280" 0.892079078921936 1.090300817677 1.54055906218156 281
"X.281" 0.886364330136187 1.08162728272652 1.56308410064035 282
"X.282" 0.899181950027171 1.08594696258332 1.56642320338467 283
"X.283" 0.890160311986073 1.08469577773652 1.55887081575777 284
"X.284" 0.886738526501533 1.08831867801473 1.55576681989194 285
"X.285" 0.893195380146016 1.08254562621204 1.5540100043723 286
"X.286" 0.892462586925757 1.08018432085445 1.56667120688674 287
"X.287" 0.880365320140266 1.08678549032039 1.57909333167919 288
"X.288" 0.895690146629716 1.08987501732709 1.56927874568645 289
"X.289" 0.893932282504225 1.06945087546533 1.56689766129144 290
"X.290" 0.880988427486241 1.08457201406317 1.53983748107198 291
"X.291" 0.889116742466389 1.08170476865314 1.55638951780341 292
"X.292" 0.890833338229013 1.08195690633722 1.59177246339523 293
"X.293" 0.888181067850096 1.07644719798432 1.55280128765555 294
"X.294" 0.886126732968354 1.07550850259951 1.56027661743112 295
"X.295" 0.891266055887706 1.06963806674804 1.55975746345286 296
"X.296" 0.889758667190416 1.08061405314569 1.57310549080827 297
"X.297" 0.89356130831134 1.07654655043741 1.56984476696906 298
"X.298" 0.891230665304565 1.1053839448015 1.56736658389505 299
"X.299" 0.880209293058085 1.09003749572989 1.55968408221779 300
"X.300" 0.890895658159458 1.08372619056034 1.57364038589768 301
"X.301" 0.890963494047676 1.0978342314022 1.55561255633294 302
"X.302" 0.892427812545474 1.09132331028041 1.56000512675226 303
"X.303" 0.890856934633532 1.09455139170645 1.55448148925657 304
"X.304" 0.887641261977702 1.05983007329825 1.56262609561916 305
"X.305" 0.893635816853863 1.07359060859754 1.55543689284875 306
"X.306" 0.887701734320924 1.09222338458366 1.56411996796041 307
"X.307" 0.900433447145153 1.0959337533352 1.56540065727038 308
"X.308" 0.894927960528871 1.06741347612626 1.55448880837333 309
"X.309" 0.895815103497831 1.0840249869655 1.55635549845839 310
"X.310" 0.895160714782268 1.08400165896567 1.56385950558872 311
"X.311" 0.88962799471698 1.09079743376127 1.55871742702646 312
"X.312" 0.885444953461113 1.1042122686282 1.57467803378814 313
"X.313" 0.890497001759181 1.09067259108688 1.5503094774682 314
"X.314" 0.876756331467756 1.08564644393819 1.5668203429668 315
"X.315" 0.881214178652691 1.07814711709115 1.55563272862317 316
"X.316" 0.894954698438843 1.07547716822927 1.54854641255788 317
"X.317" 0.894394104100525 1.0932417727262 1.56178832960524 318
"X.318" 0.888051537308141 1.09993566404876 1.58812547173971 319
"X.319" 0.888873174313596 1.06435771937448 1.58189261711479 320
"X.320" 0.881454610617094 1.08245901025423 1.56539901860169 321
"X.321" 0.889360120025614 1.07997699963018 1.5679093745198 322
"X.322" 0.895678229023912 1.072498812245 1.54793787893697 323
"X.323" 0.883754070005681 1.086900377254 1.5674563857774 324
"X.324" 0.895868276692557 1.08706271490098 1.54888598829517 325
"X.325" 0.890720466973308 1.0897767375099 1.56636706248533 326
"X.326" 0.881241671571645 1.07847843007993 1.56501980136789 327
"X.327" 0.880482999642578 1.09970199297594 1.57024070439035 328
"X.328" 0.88525554260706 1.09785414814286 1.56092065004617 329
"X.329" 0.893994617005474 1.08948177064816 1.56065067491925 330
"X.330" 0.891188037770689 1.08126163782878 1.5676956465146 331
"X.331" 0.89496790221719 1.07779165375339 1.56081103744807 332
"X.332" 0.887818738222128 1.09089981232585 1.55397739328631 333
"X.333" 0.892393481837438 1.08036450466026 1.57101679976265 334
"X.334" 0.893424640694301 1.08405696456587 1.53712223789831 335
"X.335" 0.896110051594721 1.07630791917468 1.54740425991105 336
"X.336" 0.893485842857011 1.08924147711977 1.57266140834905 337
"X.337" 0.887427838655309 1.08631705917302 1.54493360564074 338
"X.338" 0.888640847488662 1.08577813651694 1.56005599731884 339
"X.339" 0.889640573302889 1.08066315780384 1.55703459020092 340
"X.340" 0.888868281122939 1.08686118666374 1.55558948663023 341
"X.341" 0.891495162897402 1.07774838462036 1.55690781700891 342
"X.342" 0.885439985158236 1.09632710608361 1.53005217231592 343
"X.343" 0.882869273103016 1.08234195085463 1.55236639331366 344
"X.344" 0.89005943276465 1.0778580784044 1.57976170242602 345
"X.345" 0.887312368705856 1.09627222410644 1.55541071017628 346
"X.346" 0.88674692827677 1.07559517051302 1.58227994631312 347
"X.347" 0.891101520509769 1.09156276428723 1.54106396914977 348
"X.348" 0.896059310910507 1.08471665644748 1.55184934251837 349
"X.349" 0.885945939753991 1.0702200531107 1.54464453362003 350
"X.350" 0.893116947183762 1.08546479848254 1.55002578034365 351
"X.351" 0.885209863478527 1.09417546096513 1.54211787109587 352
"X.352" 0.897868659480515 1.09735590601418 1.53804327192256 353
"X.353" 0.889438421324343 1.07654229970143 1.5825744487928 354
"X.354" 0.895849156763472 1.07937816559138 1.55624994233785 355
"X.355" 0.888303520410047 1.08741057392617 1.56765920901407 356
"X.356" 0.893067082904842 1.0908483814454 1.5533369662718 357
"X.357" 0.889944287265166 1.07950723952842 1.58346218761848 358
"X.358" 0.883375071484692 1.06200742841897 1.53934475068918 359
"X.359" 0.895016416644917 1.0799115664811 1.56059306485475 360
"X.360" 0.900967930180505 1.085413118266 1.57567938368915 361
"X.361" 0.891666671211171 1.07920263416326 1.53666619149423 362
"X.362" 0.899889499582155 1.09265848774402 1.56342450557324 363
"X.363" 0.89172783901657 1.08590547465209 1.55273647343379 364
"X.364" 0.898713259960282 1.09058649180246 1.56437965154407 365
"X.365" 0.888916392884095 1.09258654902766 1.5615587449547 366
"X.366" 0.888480186917184 1.09198456992291 1.55768931564592 367
"X.367" 0.900471325369285 1.08370835332349 1.54597515823612 368
"X.368" 0.889154910097537 1.0851376188387 1.56243283793296 369
"X.369" 0.888576569521604 1.09414980620716 1.57700497139615 370
"X.370" 0.889283197245384 1.08127920825497 1.54355527341279 371
"X.371" 0.8929565688015 1.09261569101628 1.5643546712472 372
"X.372" 0.889630945385429 1.09092834524043 1.56586667078147 373
"X.373" 0.90033146133016 1.07458890234041 1.55574840235903 374
"X.374" 0.8899529974282 1.08497745646406 1.56123334062943 375
"X.375" 0.891697258896169 1.08506534212547 1.57535604788844 376
"X.376" 0.89034620170481 1.07717049409668 1.54688262278588 377
"X.377" 0.890752438305476 1.09542653461857 1.56513965967981 378
"X.378" 0.887896443159598 1.0781793054706 1.55891111972732 379
"X.379" 0.895285589941894 1.06710503493455 1.56228123462752 380
"X.380" 0.886956775687355 1.0932807651991 1.56399875357067 381
"X.381" 0.885845070987085 1.08084637955257 1.56522550316716 382
"X.382" 0.884180852772689 1.08598698101754 1.57041825230478 383
"X.383" 0.893510901938065 1.08428894284153 1.57272702760557 384
"X.384" 0.893572561598808 1.08407213669652 1.56471752645992 385
"X.385" 0.887403574744789 1.07930806789953 1.56782881574974 386
"X.386" 0.890983576503196 1.07570519804813 1.55818348793561 387
"X.387" 0.895166985471011 1.07206166539488 1.56890711695569 388
"X.388" 0.88442349644157 1.0782798533973 1.5690151307785 389
"X.389" 0.878656910660428 1.08458316343379 1.55285449563673 390
"X.390" 0.890289311540792 1.09053447808905 1.54362707514017 391
"X.391" 0.891535717291149 1.08802039137158 1.52860001260397 392
"X.392" 0.896294277601182 1.07357542217614 1.56453493578582 393
"X.393" 0.885971736250375 1.08352459015365 1.555379758479 394
"X.394" 0.892098586067817 1.07977643198632 1.56013531683876 395
"X.395" 0.894970846410088 1.07978185485326 1.56321449067231 396
"X.396" 0.88899360250551 1.09898882483085 1.55113645460895 397
"X.397" 0.893617936313779 1.07720476715025 1.57534561613251 398
"X.398" 0.890330265360145 1.09193149522829 1.56952177694931 399
"X.399" 0.89651200432095 1.09266452753384 1.57318514845816 400
"X.400" 0.893909254019169 1.09642862390285 1.5445608503967 401
"X.401" 0.893677728244283 1.07936077053714 1.55676033353305 402
"X.402" 0.903036589949614 1.07826552364893 1.5640667190864 403
"X.403" 0.892431624752867 1.09276159614104 1.57019437071105 404
"X.404" 0.884227708175908 1.08109185858012 1.55382260126523 405
"X.405" 0.891807182286003 1.07543099265626 1.56361343621373 406
"X.406" 0.892561227301837 1.07570821102285 1.55295022785857 407
"X.407" 0.898600105200867 1.08681648517869 1.55541699913772 408
"X.408" 0.891403600366175 1.08457825292237 1.54720694884955 409
"X.409" 0.881396373542442 1.0752973648413 1.54229427093875 410
"X.410" 0.889478534842308 1.07395766123928 1.55393902141766 411
"X.411" 0.882386332145828 1.07944535548872 1.55414394538168 412
"X.412" 0.899114412784518 1.08274333575119 1.57085765015759 413
"X.413" 0.887790310904209 1.09855194890299 1.56887136305722 414
"X.414" 0.888766382046494 1.0888647424098 1.5520828580036 415
"X.415" 0.891999495752677 1.08669359762759 1.56022927126027 416
"X.416" 0.884915858397033 1.09747348821593 1.57949136267118 417
"X.417" 0.898274696992212 1.07893701458104 1.56638724685849 418
"X.418" 0.890051325883188 1.08779478813278 1.56867319036835 419
"X.419" 0.884943573351551 1.08160694813125 1.57955397984948 420
"X.420" 0.889595075547255 1.07853307598412 1.53945192888265 421
"X.421" 0.887769212665624 1.09127454380792 1.57384531730727 422
"X.422" 0.891351443602164 1.08189830984846 1.56064409011586 423
"X.423" 0.887986397422975 1.08712054585951 1.54946937296003 424
"X.424" 0.894820549539744 1.09216581252518 1.5491992302342 425
"X.425" 0.884850885946243 1.0931277543822 1.55011749111085 426
"X.426" 0.886926941325959 1.08938882155268 1.54669819067606 427
"X.427" 0.884950042876395 1.10710583413679 1.55360550159398 428
"X.428" 0.889553703077758 1.08051275699543 1.56057455075132 429
"X.429" 0.894569899878836 1.09396407761262 1.55451182997843 430
"X.430" 0.896287783941859 1.08781189982276 1.56386598931519 431
"X.431" 0.894617862894223 1.08376680176023 1.56112825295482 432
"X.432" 0.892114112968474 1.08035469391331 1.55917922429126 433
"X.433" 0.888715908819252 1.08677654775485 1.57935691004625 434
"X.434" 0.893635972004791 1.08935767873908 1.5640522504883 435
"X.435" 0.887479326805691 1.08659963196152 1.55812358585405 436
"X.436" 0.887491529006252 1.07791013805437 1.56953239760493 437
"X.437" 0.884949587404998 1.09636485599817 1.5367269071224 438
"X.438" 0.87858437503083 1.08885464244479 1.55562004696763 439
"X.439" 0.886288078359234 1.08195978578666 1.57310540302258 440
"X.440" 0.890446649400487 1.09032402077665 1.57625647015639 441
"X.441" 0.89521255219766 1.08269537781653 1.56528965369868 442
"X.442" 0.895718956301582 1.08579061811607 1.5786454696955 443
"X.443" 0.899795804979862 1.07803681202632 1.5726275745314 444
"X.444" 0.88956923455568 1.09821350159702 1.5522298948794 445
"X.445" 0.885282548005541 1.09314101642736 1.56136588796406 446
"X.446" 0.892102060637279 1.09080689569131 1.57473708388226 447
"X.447" 0.885285618683943 1.09700531707381 1.55477940871901 448
"X.448" 0.89183982179355 1.07373848179921 1.5518744424561 449
"X.449" 0.889734209180362 1.0777803087453 1.56985178651588 450
"X.450" 0.894377001634308 1.06910185074915 1.55815999087823 451
"X.451" 0.887070242225434 1.08441591094102 1.55112965316157 452
"X.452" 0.891468165337746 1.11249055118749 1.59566727906788 453
"X.453" 0.891899256065141 1.08517129223497 1.56100578154659 454
"X.454" 0.885291220331372 1.07617173250953 1.56389774209801 455
"X.455" 0.889903416082697 1.09238116548757 1.55551297595388 456
"X.456" 0.883471670447839 1.07989478963004 1.56309815733968 457
"X.457" 0.892829701036288 1.07864588709364 1.56296266969247 458
"X.458" 0.892171741222579 1.10035814190963 1.56464465841588 459
"X.459" 0.884572734615958 1.0921684012174 1.55512930450634 460
"X.460" 0.890829324259764 1.09612766906148 1.54818104695461 461
"X.461" 0.880721212906614 1.08311920337436 1.56772827118252 462
"X.462" 0.879967849558297 1.08789864860873 1.5783073887243 463
"X.463" 0.8825612983098 1.09046436625375 1.57236072115272 464
"X.464" 0.894329654007022 1.0803299723886 1.54194297274906 465
"X.465" 0.89039549904726 1.08571684750021 1.56655418775476 466
"X.466" 0.890251178930664 1.07593109907766 1.54800456536735 467
"X.467" 0.892254604673988 1.06199470302926 1.56989317631729 468
"X.468" 0.889996960997706 1.08731000456199 1.5581865684721 469
"X.469" 0.894644854432589 1.09500868180797 1.5418318617057 470
"X.470" 0.891562164472487 1.08848550323369 1.57814815512222 471
"X.471" 0.899119094706093 1.08136195282997 1.55768805547105 472
"X.472" 0.885659171645805 1.08485285996172 1.53664468069559 473
"X.473" 0.8855907880116 1.090304424359 1.56358441143292 474
"X.474" 0.889048355113052 1.08440105044363 1.57414364059583 475
"X.475" 0.887366683832239 1.08894806847015 1.56487978926254 476
"X.476" 0.898315199451422 1.08290787892766 1.54892808522317 477
"X.477" 0.889076446396106 1.0805303731253 1.53901548473153 478
"X.478" 0.89406587372657 1.08009577606313 1.54918655356912 479
"X.479" 0.890745583731981 1.08507856320529 1.5573206195098 480
"X.480" 0.884900461692786 1.09323085437166 1.55303328580787 481
"X.481" 0.898367626470987 1.07196083383861 1.55843891892014 482
"X.482" 0.889671584166683 1.08536150744211 1.56098082617496 483
"X.483" 0.893808832835506 1.08304143730455 1.55215614968393 484
"X.484" 0.882867130804313 1.08528139119561 1.55154419669291 485
"X.485" 0.888021133016967 1.10338306425367 1.56981730963691 486
"X.486" 0.893383402950027 1.09030930734585 1.56127103138415 487
"X.487" 0.885553604164698 1.08228494029464 1.54814606330374 488
"X.488" 0.889985048039536 1.08561495648037 1.58928803207234 489
"X.489" 0.901143683411417 1.10016269552865 1.57293619660967 490
"X.490" 0.891431220628184 1.0927971563971 1.55597955232379 491
"X.491" 0.892079654137402 1.08472102850381 1.55342989792741 492
"X.492" 0.902738356953097 1.09251886917014 1.55712064787487 493
"X.493" 0.893104865281105 1.09362071735746 1.56430086746206 494
"X.494" 0.887523853723487 1.08331843720292 1.54999139598301 495
"X.495" 0.892891928103548 1.09094192966078 1.54761711703879 496
"X.496" 0.891644015472855 1.08040232739895 1.5725222338913 497
"X.497" 0.892229742131208 1.06656414215051 1.5717426442546 498
"X.498" 0.886478292626697 1.0844627029558 1.55383612901488 499
"X.499" 0.887948813865284 1.09197920791573 1.55928503617609 500
