"ab" 6.21127143141443 6.89873658157039 6.4014473269769 0
"X" 6.26587036143903 6.80863952369306 6.53267440034876 1
"X.1" 6.31584287451494 6.77066938859896 6.4597266040621 2
"X.2" 6.21731871904795 6.97175496679496 6.29284176212843 3
"X.3" 6.22755350201289 6.81400252717248 6.30579678461292 4
"X.4" 6.23141309318392 6.85373733517751 6.42120730579498 5
"X.5" 6.14854453546708 6.8267782460416 6.42005097554467 6
"X.6" 6.208775150318 6.94493324699171 6.40481583877204 7
"X.7" 6.19439323498198 6.98355799368311 6.45009864671444 8
"X.8" 6.21814926254363 6.8557020183027 6.44724336730614 9
"X.9" 6.18428489923805 6.82661491054266 6.3569448887937 10
"X.10" 6.21298381278655 6.84043337023291 6.36806186116231 11
"X.11" 6.10307024376435 6.93474430667023 6.54369302464291 12
"X.12" 6.25160971731851 6.98894950673104 6.3853447338415 13
"X.13" 6.23768096824705 6.92603625991559 6.44563949860451 14
"X.14" 6.25498241652904 6.98843707686462 6.32136975864825 15
"X.15" 6.11516662423911 7.00251094266209 6.46535504749271 16
"X.16" 6.26020206054956 6.88023637942891 6.46506925560907 17
"X.17" 6.15839135565423 6.95596752375027 6.36186362592732 18
"X.18" 6.17420920365615 6.89463511629569 6.3939444358439 19
"X.19" 6.1495000718698 6.8777893756685 6.38830252694738 20
"X.20" 6.21394182590627 6.80833672815468 6.38977557638946 21
"X.21" 6.16498716963451 6.90005608464275 6.24928887798173 22
"X.22" 6.21141993965663 6.85902433968756 6.25755525027316 23
"X.23" 6.17712208246981 6.8816638150825 6.40316574873907 24
"X.24" 6.22347246197302 6.77407121151574 6.33144330063582 25
"X.25" 6.2323200895475 6.85926974876163 6.46224629827408 26
"X.26" 6.29094922606527 6.84691701166531 6.27348754607227 27
"X.27" 6.2625871249846 6.95967227025257 6.27522234616777 28
"X.28" 6.22866496763544 6.86215818640923 6.34733536637134 29
"X.29" 6.23826078459414 7.0632505766543 6.52840787480672 30
"X.30" 6.18435737023505 6.79899997130999 6.38130821921745 31
"X.31" 6.19215675971553 6.91742021597643 6.41732611921255 32
"X.32" 6.12382372394227 6.84512975678294 6.37462406205656 33
"X.33" 6.2607936202709 6.83193025152882 6.36429524084196 34
"X.34" 6.1628898486456 7.0771224413287 6.45454951323089 35
"X.35" 6.29868360998245 6.96566287463111 6.39450357442516 36
"X.36" 6.30675163194641 6.81458286659295 6.43972222455905 37
"X.37" 6.17486359579667 6.9549743827083 6.43226324728236 38
"X.38" 6.14345405955945 6.75698013065412 6.5270879534895 39
"X.39" 6.26287694068993 6.92073973510988 6.29879818300498 40
"X.40" 6.30925550834647 6.81799995736094 6.5005096046255 41
"X.41" 6.2072636576342 6.87895584116655 6.46010105985384 42
"X.42" 6.20897803691843 6.98335682156433 6.60034763609934 43
"X.43" 6.26194604003648 6.91097399237245 6.32570547380124 44
"X.44" 6.23867067761974 6.81788874264377 6.45674940258834 45
"X.45" 6.20738214944421 6.96174003707978 6.37967903369254 46
"X.46" 6.21760192673713 6.75297030962357 6.48909851236961 47
"X.47" 6.23763365492933 6.86818889712182 6.42926286425785 48
"X.48" 6.18186663446427 6.94756108963502 6.36884103636618 49
"X.49" 6.16134837792399 6.96505498938974 6.43442791294011 50
"X.50" 6.19824989488832 7.03283549744461 6.4221061640716 51
"X.51" 6.27544007395913 6.95946287126541 6.42023506739317 52
"X.52" 6.23886429424396 6.90959837418285 6.53259777818061 53
"X.53" 6.22035886449391 6.91927174309065 6.44832077221769 54
"X.54" 6.24379450721143 6.91912061011221 6.44557017144389 55
"X.55" 6.27153934201958 6.91616878849831 6.32553329267651 56
"X.56" 6.1973984191575 6.95231567750026 6.30868360922191 57
"X.57" 6.1730411784082 6.84755791910968 6.46287008592415 58
"X.58" 6.14545620629459 6.83202740595203 6.37239338919345 59
"X.59" 6.22976128807059 7.03477718599074 6.43772917310794 60
"X.60" 6.19961344724824 6.79919357284182 6.29064573016341 61
"X.61" 6.14990600282785 6.84873482175421 6.45443399184711 62
"X.62" 6.28414384560911 6.94454257605024 6.42092447747106 63
"X.63" 6.2431665173071 6.95018692376864 6.58946835175112 64
"X.64" 6.25146027751822 6.92411944434609 6.43023989022031 65
"X.65" 6.35728209422663 6.97989362471687 6.37843268244166 66
"X.66" 6.22237655152446 6.859822173286 6.42997976374055 67
"X.67" 6.26301062694849 6.93039851586543 6.36165109456873 68
"X.68" 6.19904191644618 6.97260781325769 6.46590407558248 69
"X.69" 6.09574408634363 6.87253189801602 6.35679752580446 70
"X.70" 6.2095657553507 6.87719244063856 6.29470271671921 71
"X.71" 6.19761933642714 6.98435833867919 6.52301399727009 72
"X.72" 6.23499965734155 6.87910456524752 6.47894374898593 73
"X.73" 6.27746505149413 6.81744035085238 6.34166275841952 74
"X.74" 6.12637529464313 6.88410556302435 6.34109016495259 75
"X.75" 6.24771986968217 6.9267131729947 6.44977902663101 76
"X.76" 6.1759585497676 6.87252625404756 6.32161409546319 77
"X.77" 6.18439152123331 6.75599925402553 6.47397900587332 78
"X.78" 6.21996147393541 6.83910379565321 6.4066918016106 79
"X.79" 6.19497628511811 6.84738207500271 6.42327700112887 80
"X.80" 6.15610164958464 6.86350890910006 6.59234055809477 81
"X.81" 6.14008351591893 6.81279146407334 6.30864827129366 82
"X.82" 6.15219256897666 6.96010368506205 6.27455130432451 83
"X.83" 6.17792471559691 6.92345135676019 6.4084528028911 84
"X.84" 6.17078833737956 6.94573384043505 6.42465235560825 85
"X.85" 6.27538328219778 6.8267848630578 6.50082596975502 86
"X.86" 6.25606009900147 6.92366769199132 6.35391099907319 87
"X.87" 6.20827280390136 6.98630995782362 6.3161688764175 88
"X.88" 6.27809118214669 6.93480406254269 6.34865125155576 89
"X.89" 6.23985792682936 7.05520199817548 6.25042710778944 90
"X.90" 6.3008436248239 6.95693961197396 6.42583063613146 91
"X.91" 6.17472047061403 6.90815498107541 6.31833666279917 92
"X.92" 6.19358854896727 6.93979772045906 6.41547909595631 93
"X.93" 6.19996797123763 6.87946527028605 6.5124273742754 94
"X.94" 6.2276313341434 6.81093231497497 6.39575776067582 95
"X.95" 6.15470957933179 7.00616670423332 6.37546834974797 96
"X.96" 6.14881254579693 7.02007399806738 6.44674869856586 97
"X.97" 6.21191894299262 7.00607031651115 6.45483430436106 98
"X.98" 6.18370056852594 6.83585083844038 6.42495140580996 99
"X.99" 6.20322912418921 6.90503716201421 6.3933076901985 100
"X.100" 6.21670325685064 6.86942118477733 6.40594496131986 101
"X.101" 6.25441180605323 6.98199774165544 6.33563799911483 102
"X.102" 6.29233632762209 6.96620542829468 6.40025079119511 103
"X.103" 6.25227485165993 6.9726020654336 6.48910984858751 104
"X.104" 6.21026898745431 7.05356084903806 6.48159004703364 105
"X.105" 6.16767119291345 6.98070322414531 6.3230004742868 106
"X.106" 6.28880571188671 6.96462871513887 6.53722609547526 107
"X.107" 6.25223521237336 6.8622547667974 6.34041391950944 108
"X.108" 6.06048651741893 6.905811513744 6.41784361604756 109
"X.109" 6.18284917677358 6.88454750778377 6.57700252331879 110
"X.110" 6.20076115832262 6.89859731007788 6.44569842154835 111
"X.111" 6.20685457802509 6.92216016880649 6.41309324574193 112
"X.112" 6.19008706779402 6.9311387577246 6.41557811432953 113
"X.113" 6.2320835495508 6.97936929001942 6.45850964410738 114
"X.114" 6.21398101184483 6.96072336195064 6.37843317581845 115
"X.115" 6.26783935277678 6.97527209663061 6.43040400518411 116
"X.116" 6.08473675264687 6.99010847060779 6.34623850533263 117
"X.117" 6.24121709475214 6.84633964557285 6.45170546735585 118
"X.118" 6.26382935980013 6.87237138674948 6.35458242755857 119
"X.119" 6.11490366343733 6.84282323793844 6.32950799073577 120
"X.120" 6.15644162809715 6.94102969198737 6.46143018760793 121
"X.121" 6.20222410528759 6.89256553240445 6.28477467220715 122
"X.122" 6.27701951228757 6.87213371021076 6.3997917674921 123
"X.123" 6.16856109709594 6.82033743715918 6.44652676999914 124
"X.124" 6.25226216259543 6.92438557831652 6.46984806448339 125
"X.125" 6.17605308100132 6.95579357326299 6.3433051298459 126
"X.126" 6.20063264409426 6.7688136270557 6.43408601704466 127
"X.127" 6.20843994514603 6.89070125450273 6.35376045690694 128
"X.128" 6.2095208267573 6.99219357035198 6.49518966279809 129
"X.129" 6.23705464192793 6.95164692740803 6.29987570790963 130
"X.130" 6.19357400685337 6.78973013267206 6.54410886030378 131
"X.131" 6.11837659081725 7.04328108362516 6.40245811201825 132
"X.132" 6.20468711573078 6.8641979880904 6.29300398824713 133
"X.133" 6.20793401308218 6.85161809874173 6.45687717585811 134
"X.134" 6.17096000065306 6.94392500380844 6.48989586890107 135
"X.135" 6.2290017312846 6.98601465096041 6.36267812803002 136
"X.136" 6.25006383367278 7.07420722394537 6.49336922694632 137
"X.137" 6.23342425281099 6.90022871185591 6.42572933986491 138
"X.138" 6.23035468302119 6.98143920373777 6.39806061067713 139
"X.139" 6.24772391472398 7.00055976939977 6.47786664135894 140
"X.140" 6.21012357635417 6.99042621218665 6.44361211579549 141
"X.141" 6.18226067686196 6.83954061706301 6.22750754338984 142
"X.142" 6.18060030363147 6.92583500405679 6.36355693576303 143
"X.143" 6.24782949044018 7.04124934394621 6.32852441985022 144
"X.144" 6.24560272345958 6.9188374966348 6.38824685281971 145
"X.145" 6.19304146944818 6.84622291916223 6.39454359067198 146
"X.146" 6.20911881889634 6.82595001942896 6.33220181021266 147
"X.147" 6.17177052057363 6.95271142870382 6.39437693233509 148
"X.148" 6.2605276273394 6.86600380239907 6.32361673903611 149
"X.149" 6.19877579266111 6.90412667647836 6.24060763544409 150
"X.150" 6.36159096520918 6.9531120489 6.43204822074834 151
"X.151" 6.17509603757215 6.78550431268307 6.30627918149793 152
"X.152" 6.22063682651391 6.99763496394578 6.43009389097959 153
"X.153" 6.29415218345982 6.95000547398256 6.38657085382557 154
"X.154" 6.27104124726975 6.90807106255436 6.2941445063308 155
"X.155" 6.2946945598444 6.89121519141785 6.43867251885675 156
"X.156" 6.22159181565685 6.73587641109349 6.38052292242404 157
"X.157" 6.21497437698537 6.80560496414573 6.3565986032058 158
"X.158" 6.17572350976098 7.0074208230657 6.30076887455267 159
"X.159" 6.22604540945342 6.92999461195781 6.53393633997542 160
"X.160" 6.23170215238642 6.73411877033554 6.32029293250126 161
"X.161" 6.1843874156449 6.88230000532017 6.37204124727574 162
"X.162" 6.26049709810724 6.78267400867141 6.35786673415427 163
"X.163" 6.18560411008841 6.96488208436551 6.45123391139067 164
"X.164" 6.28355490846444 6.91671279786179 6.30468065615966 165
"X.165" 6.22849108217553 6.81685382798364 6.44604178275683 166
"X.166" 6.19079782000159 6.96824612747523 6.4423610812015 167
"X.167" 6.28831469583946 6.97222726932139 6.41908029940833 168
"X.168" 6.20140175737292 6.99576323923936 6.43868588680181 169
"X.169" 6.16660080698247 6.92581526820525 6.35710154462595 170
"X.170" 6.23302717932687 6.81238811675333 6.35961057909624 171
"X.171" 6.27169565271809 6.94117478828367 6.47970270527316 172
"X.172" 6.2512380048557 6.93777948314877 6.38879112447718 173
"X.173" 6.21065265659607 6.77308652461291 6.4705965405308 174
"X.174" 6.19651863577052 6.86366668044753 6.48271802955983 175
"X.175" 6.15179538885022 6.89035203531915 6.41020364060809 176
"X.176" 6.19659521884032 6.96567995665415 6.39621201739647 177
"X.177" 6.18678040558673 6.92786497195586 6.44250810179532 178
"X.178" 6.17600684206388 7.06343164912432 6.46237383278104 179
"X.179" 6.25630268806174 6.88820348340078 6.44873243598244 180
"X.180" 6.25585627554043 6.9193181577258 6.29470000962196 181
"X.181" 6.26492105235005 6.82160112189295 6.40703433103613 182
"X.182" 6.25180532252175 6.9796996906144 6.29815118003856 183
"X.183" 6.17210570181071 6.90721954968634 6.36295870421903 184
"X.184" 6.30755776515667 6.86383542154668 6.45521917483336 185
"X.185" 6.18381377166657 6.94371642600692 6.49124068870288 186
"X.186" 6.29104435994323 6.97395008323371 6.32298244334385 187
"X.187" 6.26821147377975 6.98689787363709 6.49138799738455 188
"X.188" 6.22410456319587 6.93485454702789 6.44559520993746 189
"X.189" 6.21690494880123 7.01300821205299 6.36239047656376 190
"X.190" 6.15236227901634 6.87001817322481 6.55457158844868 191
"X.191" 6.19296544349422 6.76686653853329 6.43250458424611 192
"X.192" 6.14636354626331 6.8989671774665 6.41212797567568 193
"X.193" 6.14949342712238 7.00575687629226 6.4459783991403 194
"X.194" 6.18302722303772 6.83015427884361 6.34061750277316 195
"X.195" 6.18544129101437 6.74759027342506 6.32581827624613 196
"X.196" 6.23100190501252 6.93417961271548 6.36733008580318 197
"X.197" 6.26308914368361 6.96851618262637 6.4542608340276 198
"X.198" 6.12370626083397 6.95599600344439 6.27100091825979 199
"X.199" 6.18048627159743 6.80378270653577 6.37561636725815 200
"X.200" 6.25606716190246 6.99393184475429 6.469633805134 201
"X.201" 6.27055541292742 6.84531358728101 6.42662365723194 202
"X.202" 6.2799815288558 6.7951651668511 6.38233496360231 203
"X.203" 6.19457063606318 6.87530805076148 6.51366782215069 204
"X.204" 6.14923015775869 6.92028766574638 6.49532689088908 205
"X.205" 6.1606803202176 6.87519387015027 6.522196133534 206
"X.206" 6.17958122838659 6.89475346877179 6.41981618345213 207
"X.207" 6.29582202197099 6.9307706643141 6.22937712835687 208
"X.208" 6.17660824361705 6.84016659149426 6.48780481576778 209
"X.209" 6.25424924395637 6.98341130798482 6.36392189576334 210
"X.210" 6.3274317702413 6.73377522526642 6.49916116113336 211
"X.211" 6.2001948396076 6.90201322986552 6.48463260865913 212
"X.212" 6.24000009893764 6.97282514164451 6.29190721554845 213
"X.213" 6.17813739549381 6.77159365054442 6.44475140247717 214
"X.214" 6.23108262059554 6.85194173872555 6.4727799201019 215
"X.215" 6.17893360334049 6.88638372890019 6.30936617927489 216
"X.216" 6.25097810012579 7.05987355365294 6.37911455666785 217
"X.217" 6.15804377295188 6.83238592759472 6.33131705070103 218
"X.218" 6.14078445813631 6.78846969636938 6.33977450421322 219
"X.219" 6.22993233240919 6.78575380827573 6.35315755652598 220
"X.220" 6.21440843903721 6.82450912597205 6.39928586376068 221
"X.221" 6.3125839580075 6.87756338729993 6.39319977456886 222
"X.222" 6.17793811667854 6.78446060736306 6.4365944755457 223
"X.223" 6.28346684980109 6.9306063740873 6.4107813814851 224
"X.224" 6.10660362996947 7.0234211330478 6.38995042433443 225
"X.225" 6.18671646165 7.04201067219505 6.42843990949198 226
"X.226" 6.23060382937617 6.9939825631982 6.47778400110961 227
"X.227" 6.10361785497849 6.88036131849677 6.2697686999918 228
"X.228" 6.19421999752413 6.90005209469633 6.27058612503174 229
"X.229" 6.26261685666093 6.85934444107311 6.40540887059537 230
"X.230" 6.28831671405225 6.78652241412558 6.35403690792351 231
"X.231" 6.12242218640627 6.87988594315534 6.36244351622736 232
"X.232" 6.17688511467314 7.05392457469734 6.33403474763892 233
"X.233" 6.27188964400167 6.77284755834678 6.38229536046576 234
"X.234" 6.19651105424414 6.87088449354924 6.31915745505158 235
"X.235" 6.20146384053464 6.99929735197983 6.32526017566945 236
"X.236" 6.11934637066375 6.91631014766631 6.29252638392639 237
"X.237" 6.21345196010944 6.85636010095117 6.29567243732956 238
"X.238" 6.21365201718033 6.75601832418108 6.47756250755526 239
"X.239" 6.1521090477825 6.8954977618711 6.31379127146172 240
"X.240" 6.21457100482762 6.77263060648132 6.34024379822608 241
"X.241" 6.18714303897784 6.98056438280269 6.38636598609565 242
"X.242" 6.16688678380184 6.88952957773396 6.37003837917413 243
"X.243" 6.17861723297366 6.92607463340955 6.37799711587028 244
"X.244" 6.19328585125093 6.87384936007593 6.42104475397184 245
"X.245" 6.36016944097409 6.96552222382718 6.31148518495312 246
"X.246" 6.24199322472188 6.77937925220674 6.40324525177658 247
"X.247" 6.21774341413886 6.97235200897681 6.51727853357374 248
"X.248" 6.11807843237396 6.83711574786102 6.32319466708895 249
"X.249" 6.1252625094076 6.82826363482523 6.34718518039569 250
"X.250" 6.10559789218823 6.93243696253925 6.38856500927253 251
"X.251" 6.21361220893449 6.87021219994246 6.38445306716684 252
"X.252" 6.19172608728361 6.91992113220357 6.49142257288628 253
"X.253" 6.29103524309723 6.783564958644 6.44806252055869 254
"X.254" 6.2129554858677 6.98348781719907 6.3777285781011 255
"X.255" 6.31259978086234 6.96523921476444 6.35260154612319 256
"X.256" 6.14494534660351 6.95369191199958 6.43820164886877 257
"X.257" 6.29728117686024 6.88707236297485 6.4901973212491 258
"X.258" 6.16336816169344 6.82954128347196 6.41911886233576 259
"X.259" 6.2200892393899 6.97759494401768 6.34101342488433 260
"X.260" 6.14172434160912 6.87510060876597 6.33638901395848 261
"X.261" 6.25002447337564 6.91352621090707 6.34126433250276 262
"X.262" 6.26734650653817 6.87985167259972 6.43704298571183 263
"X.263" 6.23012746373679 6.71573761936672 6.24680456017108 264
"X.264" 6.1584909506594 6.938744164729 6.41219622451347 265
"X.265" 6.19356503375752 6.91530368110175 6.41732152174397 266
"X.266" 6.24821150542608 6.76631291116646 6.50245358986477 267
"X.267" 6.18201423812499 6.83070567082467 6.29502104194595 268
"X.268" 6.33225738537353 6.88403417097737 6.37636632347623 269
"X.269" 6.22005355631823 6.89665101531721 6.37756087296546 270
"X.270" 6.25403136840856 6.91942219597734 6.36223707094919 271
"X.271" 6.34365939366071 6.91657388673848 6.60105768420265 272
"X.272" 6.13999232088005 6.95372394655761 6.39446637748678 273
"X.273" 6.21670783999407 7.02000408352585 6.38303840280107 274
"X.274" 6.22616407454909 6.97494225690185 6.37421936971207 275
"X.275" 6.24767825715926 6.88603922864226 6.31841080865043 276
"X.276" 6.23506424977602 6.8446724078448 6.28232366278623 277
"X.277" 6.15436104057842 6.83607006502741 6.50495673379927 278
"X.278" 6.1198826050888 7.02344653997286 6.31149105111778 279
"X.279" 6.19299323651499 6.78746879654437 6.47124344893845 280
"X.280" 6.22012537507627 6.8597754840445 6.31216500315875 281
"X.281" 6.18375932456866 6.83312985304696 6.44799872524734 282
"X.282" 6.27630326438448 6.9582371324074 6.41765569940423 283
"X.283" 6.22500114735933 6.92294383248275 6.37583137927112 284
"X.284" 6.20354160277073 6.86164531043786 6.44301858183279 285
"X.285" 6.22860624648062 6.85207284018184 6.34457495796774 286
"X.286" 6.26498206395085 6.85806300185286 6.39302018293312 287
"X.287" 6.1025009291271 7.014464106711 6.41443481202453 288
"X.288" 6.221622770051 6.93886312384653 6.53425358154305 289
"X.289" 6.26133709445181 6.79157285021222 6.36259416098526 290
"X.290" 6.18952727117519 6.87147317596729 6.29308544910818 291
"X.291" 6.20204352024388 6.90146305283004 6.36514128309655 292
"X.292" 6.23360613890761 6.97607682256939 6.51954466092985 293
"X.293" 6.17357605461372 6.90939893361463 6.3334882801189 294
"X.294" 6.18527004798659 6.7757105721535 6.3930396640796 295
"X.295" 6.25648979347915 6.78115094252116 6.40696606458852 296
"X.296" 6.22806068945741 6.89028818093416 6.46045637090337 297
"X.297" 6.26688808644461 6.86059893553522 6.48957157768545 298
"X.298" 6.25675336398976 7.02955523095768 6.51643496688944 299
"X.299" 6.14867422417853 6.90813689092424 6.39244276146863 300
"X.300" 6.19511786201746 6.91376290705372 6.47122203214208 301
"X.301" 6.14768571810425 6.9411642180597 6.34023355048613 302
"X.302" 6.27200857101656 6.94793680141546 6.38203504254762 303
"X.303" 6.19109726808253 6.86191114272376 6.37630899496028 304
"X.304" 6.2038163260643 6.69802825324247 6.43266911197965 305
"X.305" 6.21390153668112 6.78375651232909 6.34957776121795 306
"X.306" 6.20279828658303 6.95154709868061 6.4514024544915 307
"X.307" 6.31060571201394 7.02396294644019 6.5100274600682 308
"X.308" 6.19642469157458 6.82653984592046 6.3931804778552 309
"X.309" 6.26053264331782 6.83739242766224 6.30812943964515 310
"X.310" 6.26958115805684 6.80119925011245 6.36842545769603 311
"X.311" 6.23092699666408 6.94039318020998 6.39863234888976 312
"X.312" 6.12803997690969 6.97571378012884 6.47663507887864 313
"X.313" 6.22807336299123 6.89398025396643 6.40328797682685 314
"X.314" 6.08393932353501 6.96726383326546 6.49542859348647 315
"X.315" 6.15057936196219 6.83953304796876 6.4102677679038 316
"X.316" 6.23773275599721 6.77622311811317 6.34850024168781 317
"X.317" 6.29997758245504 6.96280546533146 6.46824955051775 318
"X.318" 6.15756402356146 7.04540678680352 6.5523053999532 319
"X.319" 6.15954664293938 6.73455381055781 6.43710950811256 320
"X.320" 6.16699093721433 6.78708664009672 6.37598304079796 321
"X.321" 6.18808863342931 6.81329003022394 6.47453959646942 322
"X.322" 6.29722473133197 6.74235961066896 6.35369883990394 323
"X.323" 6.16165988782621 6.87497621930719 6.38507917782596 324
"X.324" 6.2747172721439 6.85128028690594 6.35285719227376 325
"X.325" 6.20475548346297 6.83666949006015 6.36241428929263 326
"X.326" 6.10014788201767 6.88883809353551 6.37111225617381 327
"X.327" 6.13477328605966 6.99767082112815 6.47727564786957 328
"X.328" 6.19463789001619 6.97634442281042 6.38122396627856 329
"X.329" 6.25115344542556 7.00719392340005 6.42654202569205 330
"X.330" 6.17524045813402 6.97067691920735 6.55931940442572 331
"X.331" 6.24574207469347 6.77217548335618 6.39591796969339 332
"X.332" 6.1953676821034 6.88556900429701 6.38288867708523 333
"X.333" 6.22261213783652 6.86534625085857 6.49562866155204 334
"X.334" 6.2901263581909 6.95710715692419 6.27170899019011 335
"X.335" 6.25381438879382 6.94995455722125 6.39904411148045 336
"X.336" 6.20717818785166 6.82022023949487 6.55062361854912 337
"X.337" 6.1884726838064 6.93377658123205 6.28619017701335 338
"X.338" 6.25193709088345 6.83955095301551 6.44776775997594 339
"X.339" 6.23355714424703 6.90830243335487 6.42480228292055 340
"X.340" 6.18501697818979 6.87192744374155 6.40881787716037 341
"X.341" 6.20279428174759 6.81505169017703 6.44534310307271 342
"X.342" 6.17689576268892 6.93319060050804 6.29798126555053 343
"X.343" 6.20311261045072 6.89016938954997 6.41180458488512 344
"X.344" 6.21731328070524 6.86797971089935 6.43193956084809 345
"X.345" 6.19016200448276 6.91173589417462 6.3788115645894 346
"X.346" 6.16787089655944 6.82447545468639 6.49043934114721 347
"X.347" 6.22865778951182 6.89256581533633 6.30917669043614 348
"X.348" 6.29809673779851 6.8408630839582 6.23879567443653 349
"X.349" 6.1881072320803 6.77800544643185 6.33701217746754 350
"X.350" 6.26532027699476 6.89223428161282 6.32880418861977 351
"X.351" 6.11331883584476 6.90460722816579 6.3836910392721 352
"X.352" 6.20388668332956 6.92733665169705 6.37846971677461 353
"X.353" 6.17632034468045 6.86463451091958 6.59066042324974 354
"X.354" 6.28090074016313 6.8829711050013 6.37620005808156 355
"X.355" 6.18919480971924 6.97936913550813 6.41794206859168 356
"X.356" 6.23908283499131 7.05466044672408 6.29294120639908 357
"X.357" 6.23932482387609 6.89594142510547 6.53148787801112 358
"X.358" 6.16304419604173 6.84194512316512 6.37569454945517 359
"X.359" 6.24458328436405 6.82886363154969 6.39214374833044 360
"X.360" 6.28828308338994 6.85452035579078 6.35629066450015 361
"X.361" 6.25716030495222 6.78884433423431 6.27580694045787 362
"X.362" 6.21660872407533 6.94101412154251 6.3231306388028 363
"X.363" 6.22631916748336 6.85948868075164 6.44961275430705 364
"X.364" 6.29468798464559 6.90663355577006 6.41715672870385 365
"X.365" 6.22978509513405 6.90028906067791 6.38999826487746 366
"X.366" 6.25479087785251 6.85876201202006 6.40338570192793 367
"X.367" 6.28797624910154 6.83518357535335 6.41261446608806 368
"X.368" 6.17917414874272 6.84162536148516 6.39329537658218 369
"X.369" 6.19619723945084 6.87577665333231 6.43387758673951 370
"X.370" 6.21385988951388 6.80877667188986 6.30354995375244 371
"X.371" 6.18005929220739 6.86958800534504 6.46071706835925 372
"X.372" 6.18699313612871 6.87476319191808 6.38848211923912 373
"X.373" 6.32725628190431 6.79588035326457 6.47267524133731 374
"X.374" 6.19415967650232 6.93891736669295 6.37441928394111 375
"X.375" 6.24350214368677 6.91074018730667 6.48576395327396 376
"X.376" 6.22533648614911 6.88045069022446 6.36677176152191 377
"X.377" 6.21306190814705 7.02454564675822 6.39443830415015 378
"X.378" 6.17082418967645 6.84921414305955 6.37604045472513 379
"X.379" 6.184582770009 6.75822793205092 6.38453129717021 380
"X.380" 6.17795938543079 6.84254908910444 6.38103056806109 381
"X.381" 6.14261715627601 6.85128174191056 6.34188030839618 382
"X.382" 6.16916575807581 6.96039991472579 6.42793016103368 383
"X.383" 6.2520111486782 6.84022779623044 6.47108765221942 384
"X.384" 6.18308003948027 6.94342530774776 6.46923124747216 385
"X.385" 6.13743627208209 6.89268262281561 6.45294335204642 386
"X.386" 6.22592929346994 6.88400684515672 6.40733968399787 387
"X.387" 6.28101236338768 6.76670412462137 6.42096364835289 388
"X.388" 6.1506560410967 6.84232633014568 6.44119658785193 389
"X.389" 6.09737017719339 6.89558469226068 6.28433207867055 390
"X.390" 6.19517158594702 6.94154900325346 6.31593073466985 391
"X.391" 6.22875561321749 6.81551753868087 6.26071295712478 392
"X.392" 6.26950222489766 6.84700798042662 6.50592418273187 393
"X.393" 6.14015792934757 6.91546228685981 6.36133494328419 394
"X.394" 6.20045300943948 6.78032665990046 6.45085730420198 395
"X.395" 6.25391791388261 6.89608410432156 6.38655998572886 396
"X.396" 6.18612525862146 7.00207052596468 6.40894730056952 397
"X.397" 6.24521635235386 6.81283316768098 6.46444297352134 398
"X.398" 6.21998651989133 6.92119027906227 6.43298352673181 399
"X.399" 6.26135466464994 6.92116477192412 6.37709352187846 400
"X.400" 6.21119623135772 6.84514681418267 6.35227118296087 401
"X.401" 6.23771461117508 6.95644215872263 6.37347555355524 402
"X.402" 6.30356143106605 6.89663461783539 6.4222610074602 403
"X.403" 6.20252872662927 6.83308636923437 6.40657532495962 404
"X.404" 6.17247360323774 6.96307722790438 6.27654158951408 405
"X.405" 6.20182622019847 6.81232726795576 6.46123907589232 406
"X.406" 6.20808131863958 6.84928400164118 6.45878471082628 407
"X.407" 6.24701165349698 6.94719397619541 6.31506139634643 408
"X.408" 6.27363697058557 6.92713762104357 6.24043140757599 409
"X.409" 6.11421290251442 6.83683662663992 6.2880788633188 410
"X.410" 6.17964555993425 6.79566403887444 6.44312151164076 411
"X.411" 6.18590319719147 6.91427404125841 6.3612835034878 412
"X.412" 6.32341923156358 6.97491385620893 6.53875794132546 413
"X.413" 6.20363786279901 6.95212927885175 6.4838633665289 414
"X.414" 6.17999381150961 6.89005412526813 6.40662055238782 415
"X.415" 6.20204790008695 6.85042574420371 6.39968703636048 416
"X.416" 6.12414423605955 7.02097426472172 6.55455423423306 417
"X.417" 6.2521661825687 6.84360881943858 6.34047966336251 418
"X.418" 6.18322775587099 6.99890155901349 6.5695312308751 419
"X.419" 6.12022295171631 6.83746327669409 6.44236773977919 420
"X.420" 6.1673484840963 6.85734987217181 6.35952346523171 421
"X.421" 6.17867721852068 6.98068829367789 6.48991176030044 422
"X.422" 6.21601300599685 6.8848313959253 6.39070245728102 423
"X.423" 6.18030278131168 6.99885365786211 6.37948610046811 424
"X.424" 6.22556003686993 6.86058970421188 6.37923299839408 425
"X.425" 6.21886584983027 6.88343631402986 6.31169832297965 426
"X.426" 6.18491774842183 6.95470010727766 6.28886279319885 427
"X.427" 6.1518063361217 7.06848957208373 6.40316655835518 428
"X.428" 6.22455502455039 7.01312261791815 6.40838361627921 429
"X.429" 6.23850424985093 6.95789133213306 6.35292658795812 430
"X.430" 6.28031136304812 6.93456460899599 6.36073355470126 431
"X.431" 6.23925746933287 6.82533483686314 6.37282170328707 432
"X.432" 6.21315953885324 6.88716003636021 6.43265111635829 433
"X.433" 6.1755312188141 6.91050721789841 6.55406286659078 434
"X.434" 6.26573241298688 6.9517515158548 6.47128861057803 435
"X.435" 6.20993970013494 6.95255724236955 6.47388266305138 436
"X.436" 6.19788146893482 6.89534711699584 6.4295003830929 437
"X.437" 6.22418280174606 6.93991680611591 6.1928871217936 438
"X.438" 6.0656364076596 6.91959264522718 6.3303390200267 439
"X.439" 6.14308724014208 6.96740197537583 6.41846620109517 440
"X.440" 6.20610146687509 6.87901658443453 6.50596901705114 441
"X.441" 6.24694165814932 6.86678563393021 6.40283757673262 442
"X.442" 6.24434377594915 6.9460472593584 6.4126986069876 443
"X.443" 6.28092661484157 6.86158785164686 6.44520624656156 444
"X.444" 6.19587647346149 7.02644572245892 6.23618949832896 445
"X.445" 6.18319907467926 6.90145338806597 6.37454026791346 446
"X.446" 6.25726824012958 6.95499759001967 6.52198530947592 447
"X.447" 6.14843802958364 6.98100808704025 6.35021916742281 448
"X.448" 6.18403636207481 6.85211695471328 6.41756774514545 449
"X.449" 6.17530815630162 6.82388279930914 6.5270975108552 450
"X.450" 6.28521575418193 6.79351682197811 6.4683753724252 451
"X.451" 6.18918130710912 6.89827919483183 6.31259637290409 452
"X.452" 6.18934499774102 7.10593200077915 6.61573552086189 453
"X.453" 6.23461347515076 6.85255781472523 6.38810971494561 454
"X.454" 6.15600562100474 6.81813193268003 6.38281826415187 455
"X.455" 6.21069936818749 6.97581609334282 6.34259585709978 456
"X.456" 6.11678879038753 7.04747523297265 6.45827303663442 457
"X.457" 6.24188552807372 6.89081694879949 6.45748116081072 458
"X.458" 6.2273130444536 6.94762453868342 6.48572312793794 459
"X.459" 6.1666460953942 6.90177899728986 6.40837918127111 460
"X.460" 6.25395573938996 6.79797773203286 6.40996013544996 461
"X.461" 6.1651115921883 6.94942964975607 6.40666658793947 462
"X.462" 6.18009730834961 6.90829225084904 6.47539221797118 463
"X.463" 6.14544798465323 6.99807255321961 6.48313300026556 464
"X.464" 6.25019938281192 6.87552127808977 6.27107958940486 465
"X.465" 6.26069239796421 6.94685807006475 6.50523211678713 466
"X.466" 6.20749753182842 6.93139331903062 6.33765182072214 467
"X.467" 6.23602147313307 6.81171790346823 6.51996336025346 468
"X.468" 6.17431801466229 6.91769058418256 6.34185037951685 469
"X.469" 6.27462255270867 7.05050408004088 6.32785787388737 470
"X.470" 6.24111356814928 6.95159100756159 6.46422812021352 471
"X.471" 6.26317102079499 6.88313866137155 6.38314799664693 472
"X.472" 6.17382336029354 6.92576291238526 6.28820201583522 473
"X.473" 6.16321253603624 6.7955348773381 6.46921683758686 474
"X.474" 6.2029834232584 6.79301535768937 6.53926077039169 475
"X.475" 6.18257885804304 6.86306946959301 6.36885009037024 476
"X.476" 6.28333010788609 6.85333335915913 6.29908416492772 477
"X.477" 6.17139279855131 6.88938641128694 6.27043468129584 478
"X.478" 6.26644656628146 6.90556997115393 6.4156569726652 479
"X.479" 6.24901405804551 6.88382092722875 6.41832413178107 480
"X.480" 6.12405003007577 7.04692037613971 6.39402826989893 481
"X.481" 6.27543366006858 6.77833936389937 6.39531210473712 482
"X.482" 6.22519287735781 6.90904191018682 6.39150946626406 483
"X.483" 6.24691327345403 6.86051165539344 6.359922242715 484
"X.484" 6.12896520988308 6.87557399313256 6.38014796441177 485
"X.485" 6.1469872695661 7.03930885865335 6.52513686690008 486
"X.486" 6.25260344466135 6.9116262611067 6.37474684116382 487
"X.487" 6.24264831494767 6.87334837041963 6.39477965394603 488
"X.488" 6.21527668172836 6.88675191088191 6.49492231171713 489
"X.489" 6.26985289984723 7.11422157943563 6.43024736615393 490
"X.490" 6.23705750073827 6.93552819315273 6.44840975529939 491
"X.491" 6.26055221592662 6.86632981743983 6.38337689281972 492
"X.492" 6.30528327016741 6.96570670261782 6.43358419968903 493
"X.493" 6.19990587888059 6.92711327143026 6.43915115282702 494
"X.494" 6.17397550283314 6.90207273771372 6.40329089713839 495
"X.495" 6.21757437468066 6.88443875748955 6.31002788330405 496
"X.496" 6.19853930567583 6.89316656945867 6.47753436357538 497
"X.497" 6.17988321069318 6.68471460546178 6.53070350268988 498
"X.498" 6.19281091073291 6.93605619875439 6.44327213664508 499
"X.499" 6.17507577815058 6.96452677895568 6.44382541478165 500
