"ab" 0.571128849400793 1.2680623625852 2.1667501001144 0
"X" 0.555243660705702 1.274771677311 2.33218480928272 1
"X.1" 0.551484141230342 1.15727243143518 2.21305697127899 2
"X.2" 0.545862779754387 1.24881178782683 2.18166267606282 3
"X.3" 0.55548921626689 1.19568356478697 2.13616876353467 4
"X.4" 0.595284265419386 1.27175274264597 2.08840491229791 5
"X.5" 0.568400504053336 1.2786713313072 2.23326820091181 6
"X.6" 0.553581576124806 1.21818972437182 2.22035379864109 7
"X.7" 0.593062206890591 1.35541240897606 2.16039669360585 8
"X.8" 0.587680826554562 1.2589176453823 2.21247024952804 9
"X.9" 0.517032843110134 1.32345817036032 2.11569474790348 10
"X.10" 0.574360422986087 1.25393995533502 2.16217419602508 11
"X.11" 0.575739974779975 1.2774564974535 2.15648206263017 12
"X.12" 0.560391995328528 1.29358220256846 2.11909159331958 13
"X.13" 0.594589637283237 1.29399254262286 2.1622510366216 14
"X.14" 0.575097385879269 1.26361502063498 2.05506641960611 15
"X.15" 0.559605600593334 1.31041990647312 2.19666111170379 16
"X.16" 0.582101655053804 1.26360550096521 2.22295732392139 17
"X.17" 0.540673734570844 1.2398690057311 2.08942532458989 18
"X.18" 0.566721435980576 1.30130437670922 2.17772386504287 19
"X.19" 0.553772483554363 1.32309111301149 2.179902422269 20
"X.20" 0.583110742158661 1.21491719416275 2.24320314586881 21
"X.21" 0.565297646735534 1.30040107116525 2.13961589693602 22
"X.22" 0.602552086861596 1.25748486692329 2.07228349649006 23
"X.23" 0.547791385263649 1.2141224959204 2.1344133115301 24
"X.24" 0.58482320287913 1.29902105822607 2.1364332737537 25
"X.25" 0.585338125526956 1.27524136110655 2.04773708571108 26
"X.26" 0.569745593338913 1.3020290127115 2.16591599833091 27
"X.27" 0.58962487622338 1.30959968175985 2.12347048520412 28
"X.28" 0.553540900153803 1.31833014776556 2.24365043669001 29
"X.29" 0.577701543727032 1.28489722972974 2.25682948277108 30
"X.30" 0.556962478692292 1.28182420991045 2.13627638598675 31
"X.31" 0.55840199231035 1.27136881085694 2.19312602814833 32
"X.32" 0.548008015660029 1.37484430798765 2.16115658726491 33
"X.33" 0.59203033084517 1.29379436061542 2.20108225238962 34
"X.34" 0.535535058649475 1.33763276032477 2.24935273214228 35
"X.35" 0.561929708556172 1.27333026127839 2.25211553310496 36
"X.36" 0.570716096309157 1.27289412015948 2.18610383485089 37
"X.37" 0.583998688571597 1.26700817906754 2.11698345415689 38
"X.38" 0.561649218588166 1.19245390382401 2.09079496750206 39
"X.39" 0.544222352700707 1.31980801742543 2.17712528647042 40
"X.40" 0.557740200456609 1.25911471360246 2.1607313577062 41
"X.41" 0.585605854322164 1.23725485935924 2.18194503464992 42
"X.42" 0.532108700329489 1.3012736434586 2.28682435555339 43
"X.43" 0.575080255442049 1.27383723840175 2.17000265317038 44
"X.44" 0.586292788545642 1.29096673767783 2.16092513587489 45
"X.45" 0.553993752577966 1.26459422468798 2.16517443533895 46
"X.46" 0.592669186117177 1.26755498968909 2.0705786736453 47
"X.47" 0.59613920960364 1.20787662595246 2.11972204264906 48
"X.48" 0.570339591403602 1.24452553618681 2.23368897000773 49
"X.49" 0.58616730643169 1.2860819508998 2.25630938046229 50
"X.50" 0.566849281730072 1.29088481730995 2.16135225069051 51
"X.51" 0.579449569151723 1.25847987570666 2.18688850166861 52
"X.52" 0.548388835328512 1.33259644340527 2.12403401447582 53
"X.53" 0.574885103722459 1.29492930240194 2.20980752059733 54
"X.54" 0.556402248424396 1.25451424830086 2.16851215065001 55
"X.55" 0.569296322039173 1.22076568923789 2.20842845355043 56
"X.56" 0.56682616334298 1.30089432597392 2.21645136679168 57
"X.57" 0.568783907191187 1.28299645878539 2.16687781589202 58
"X.58" 0.576172608366054 1.31460875009413 2.13560681520592 59
"X.59" 0.568963158777825 1.33479788549205 2.25268231414734 60
"X.60" 0.546232283951526 1.18951952410813 2.12373486722654 61
"X.61" 0.562845572343264 1.20194260393801 2.17756069276756 62
"X.62" 0.579334578885088 1.30267065139788 2.114738945679 63
"X.63" 0.567462073440976 1.25212742406845 2.20623225752421 64
"X.64" 0.550567391286348 1.25877581883035 2.11241353634955 65
"X.65" 0.582585413370213 1.20582579086599 2.11624003131842 66
"X.66" 0.585105543263386 1.21278013590781 2.08630320644113 67
"X.67" 0.586874817556144 1.27859271185651 2.1208265867862 68
"X.68" 0.562154310766243 1.30699663217135 2.23643251150207 69
"X.69" 0.580814993169446 1.27114504259617 2.14657229862458 70
"X.70" 0.565600550634915 1.32216478979114 2.16184495555063 71
"X.71" 0.579236899178685 1.30635861328831 2.26803189281856 72
"X.72" 0.588912770778996 1.25382919112977 2.19904214501214 73
"X.73" 0.552502684863026 1.19496011645669 2.14041011616302 74
"X.74" 0.533606915419131 1.28359745197493 2.09700709717433 75
"X.75" 0.54339904108969 1.20497730380229 2.08315717731722 76
"X.76" 0.548976130283304 1.21678893929043 2.16805480172963 77
"X.77" 0.581037989087051 1.25502545061633 2.21366362762975 78
"X.78" 0.544690351549191 1.27834005950748 2.17595477229845 79
"X.79" 0.558161601357292 1.29927405670993 2.17492626950313 80
"X.80" 0.600866789841249 1.34300647332008 2.15856406114828 81
"X.81" 0.561586525269121 1.28054368841933 2.17828620298669 82
"X.82" 0.568615827524951 1.23838546200852 2.19329787337666 83
"X.83" 0.564493201640842 1.27264712073283 2.04855714706235 84
"X.84" 0.568415029672595 1.27669652573472 2.19926177903029 85
"X.85" 0.562868464269333 1.22527448154169 2.21043376400608 86
"X.86" 0.586980368680003 1.30129316862532 2.14650725622455 87
"X.87" 0.593544986405315 1.33984468384615 2.15399679925043 88
"X.88" 0.590451480281566 1.26361692050222 2.16050951660456 89
"X.89" 0.596356453923625 1.27877306397264 2.19653925407204 90
"X.90" 0.580264107471315 1.20086415803015 2.12420983839488 91
"X.91" 0.548795769448178 1.32200129141371 2.14528267142592 92
"X.92" 0.529992778597537 1.27534395227713 2.27714515767858 93
"X.93" 0.589079755604542 1.20735724251058 2.16186047458441 94
"X.94" 0.538579429059655 1.2288003989612 2.27273751031633 95
"X.95" 0.546174619117697 1.32085998874477 2.257731512241 96
"X.96" 0.600732793528357 1.35870030510805 2.1463579057644 97
"X.97" 0.559543255377581 1.26950106091568 2.13332151784881 98
"X.98" 0.588944509783573 1.32011956719576 2.18690793814361 99
"X.99" 0.580126309963129 1.26517042231707 2.23385558859781 100
"X.100" 0.555599510329875 1.23122739443104 2.19509596433599 101
"X.101" 0.565661755636664 1.26785896794363 2.10728431381885 102
"X.102" 0.581695644777397 1.30064491711036 2.1764689909089 103
"X.103" 0.564363022677903 1.40256100244679 2.197562060011 104
"X.104" 0.58533369214074 1.28990888323949 2.21501123421099 105
"X.105" 0.604132098305694 1.28710058030506 2.18529697687269 106
"X.106" 0.596039822817941 1.3049612007687 2.15187808921424 107
"X.107" 0.598740754113755 1.21636695146043 2.12861938476282 108
"X.108" 0.580332016441347 1.22503678820456 2.21513002215542 109
"X.109" 0.570368899741534 1.31353083798658 2.17630794467072 110
"X.110" 0.551830309510551 1.28356307187738 2.2315378572506 111
"X.111" 0.572443664502841 1.29756920439411 2.16409992106276 112
"X.112" 0.562717528431636 1.22330171188741 2.14815074703554 113
"X.113" 0.571630316342834 1.23362129568598 2.13640339537605 114
"X.114" 0.575999672985881 1.30363587631993 2.15383271699663 115
"X.115" 0.563641075891344 1.28913010159007 2.19242245237716 116
"X.116" 0.575565449653758 1.24744467774255 2.07467564031196 117
"X.117" 0.576235210506123 1.24518669470767 2.16501034009165 118
"X.118" 0.606830181764075 1.30004870440338 2.25808665838811 119
"X.119" 0.561991275776276 1.20559448972561 2.20101675068104 120
"X.120" 0.547558398588222 1.22683624000729 2.17754509223054 121
"X.121" 0.558653400226349 1.25657922868318 2.02130292050789 122
"X.122" 0.592320926182506 1.26554368777312 2.13104522277401 123
"X.123" 0.55243714788721 1.25193309134422 2.179570532791 124
"X.124" 0.554385457199406 1.32865033292388 2.16961333225171 125
"X.125" 0.580888677641572 1.25918660249857 2.13045162231452 126
"X.126" 0.565007649228654 1.27736439723783 2.1324805839374 127
"X.127" 0.554141677202114 1.29328107392414 2.22610830878524 128
"X.128" 0.561504801641626 1.2759872899544 2.13441898017802 129
"X.129" 0.550144552001671 1.26021751890499 2.10562026572709 130
"X.130" 0.557533718678681 1.23508189686016 2.19178181656815 131
"X.131" 0.55026185421899 1.24955914245606 2.08469229362342 132
"X.132" 0.575872298509488 1.27672475863896 2.14610048234043 133
"X.133" 0.601015196456427 1.27186213280689 2.15839388010467 134
"X.134" 0.57230303284529 1.32355497973954 2.17835624513582 135
"X.135" 0.576631369123425 1.2625091111755 2.22802686538995 136
"X.136" 0.560691195101716 1.23628922474041 2.09824117559831 137
"X.137" 0.558800567204358 1.24371735168951 2.19041386271687 138
"X.138" 0.554447613341365 1.19992794997388 2.21308173878253 139
"X.139" 0.570711796738076 1.28271928193223 2.21834985152617 140
"X.140" 0.576616328275179 1.29542458334129 2.15267092031098 141
"X.141" 0.560818949923693 1.30889103508584 2.1588492910685 142
"X.142" 0.582953206431557 1.26788189332602 2.21499288507371 143
"X.143" 0.582712111290654 1.33257153229631 2.17207970018576 144
"X.144" 0.597723371183658 1.30068031999767 2.15932204607774 145
"X.145" 0.580851881086832 1.24684048616862 2.20051967529263 146
"X.146" 0.55891231285039 1.26658575428334 2.14976712937364 147
"X.147" 0.551495770971598 1.25056648747816 2.1607948320317 148
"X.148" 0.54855712999398 1.2816447786777 2.21044720892003 149
"X.149" 0.582286128185568 1.25896411803041 2.06255262796297 150
"X.150" 0.57073601228845 1.23148631835203 2.15937351085743 151
"X.151" 0.569021472937 1.2522838096898 2.19735883568664 152
"X.152" 0.584025478009078 1.24077863000254 2.1819351822153 153
"X.153" 0.588653078246153 1.2830998059306 2.16720147765424 154
"X.154" 0.565472376119811 1.24958277182499 2.18312834478122 155
"X.155" 0.54611218399738 1.29476397520344 2.14714779110326 156
"X.156" 0.544762255565173 1.30396716699146 2.09616664585713 157
"X.157" 0.599691471310891 1.27988977743988 2.12887777228848 158
"X.158" 0.554111000214199 1.26789349717709 2.16235582851044 159
"X.159" 0.56487916896621 1.26341969943568 2.29665490203949 160
"X.160" 0.593526501273776 1.22597664793057 2.13861552281042 161
"X.161" 0.60085234255533 1.22612430989806 2.06057565659959 162
"X.162" 0.569327347115912 1.26185489525345 2.12515534027945 163
"X.163" 0.543660469438673 1.30194714463982 2.2838369618449 164
"X.164" 0.58622800782106 1.30177611073248 2.1618021080782 165
"X.165" 0.570468718033799 1.24663006683736 2.19675568558042 166
"X.166" 0.576144165776972 1.25224183649952 2.21715837737576 167
"X.167" 0.547227193598544 1.26435612949966 2.10865049933725 168
"X.168" 0.546936783170027 1.24732955046726 2.134720339684 169
"X.169" 0.557757090969317 1.23158683617064 2.16838927943877 170
"X.170" 0.577201153355876 1.32248618737906 2.15688356513107 171
"X.171" 0.576797122365889 1.25345753579373 2.19020602802572 172
"X.172" 0.53447813108969 1.22729432644509 2.28195642986969 173
"X.173" 0.572032432530429 1.19010991451509 2.09389688610939 174
"X.174" 0.558502657772079 1.27342855907954 2.24818241879635 175
"X.175" 0.577179556003033 1.2449097321233 2.16761254516733 176
"X.176" 0.544921677434605 1.24100105853958 2.15495594803927 177
"X.177" 0.57001601346412 1.36271630831358 2.257210215926 178
"X.178" 0.569352791031694 1.31492558402708 2.2132964700713 179
"X.179" 0.585668692133262 1.33158381157968 2.15431889236994 180
"X.180" 0.556244414931957 1.24232744878065 2.22014848211034 181
"X.181" 0.580772882989894 1.31514076189667 2.14364026111603 182
"X.182" 0.591951853918437 1.29538982376055 2.10280438717023 183
"X.183" 0.576160283207391 1.28600680291131 2.22871485003851 184
"X.184" 0.565516530859842 1.2639143766508 2.20229260336421 185
"X.185" 0.544172289835102 1.26414959880516 2.08211275298461 186
"X.186" 0.579387099036981 1.26195293935079 2.21649443406084 187
"X.187" 0.560205782588887 1.29827713140032 2.18002403710016 188
"X.188" 0.555333114237476 1.28553322730544 2.07191781147862 189
"X.189" 0.582433185915005 1.25504216505897 2.12400718743319 190
"X.190" 0.589371686567445 1.29538902343312 2.13011727548397 191
"X.191" 0.575356373762835 1.28387670406454 2.23751538897164 192
"X.192" 0.583427170574914 1.31244671509857 2.11082841063968 193
"X.193" 0.600499364123912 1.2242635373538 2.09205479449472 194
"X.194" 0.603807709593056 1.17250057960675 2.14771206449164 195
"X.195" 0.5714008067567 1.21030399885422 2.14399778719748 196
"X.196" 0.563429838367202 1.27603405819375 2.20187116302537 197
"X.197" 0.571990208197986 1.28129986031956 2.23918191615372 198
"X.198" 0.597890110511191 1.27816720747444 2.19065306355932 199
"X.199" 0.534782513183158 1.26907683153253 2.10413742744149 200
"X.200" 0.607414821590353 1.20250261773835 2.11256263635245 201
"X.201" 0.58442855607278 1.22823008616089 2.10358315576533 202
"X.202" 0.570944048829008 1.28608496633114 2.16209404980359 203
"X.203" 0.589376478296141 1.22054081833079 2.11890378713088 204
"X.204" 0.564081785991442 1.24044715695364 2.16775365107714 205
"X.205" 0.548117194886185 1.26058149008817 2.2179817761921 206
"X.206" 0.564666302298939 1.23748904620187 2.15959134425948 207
"X.207" 0.575512002006598 1.25266761285387 2.19785440073246 208
"X.208" 0.578007554817183 1.26228610024113 2.18514152628417 209
"X.209" 0.612348698108182 1.29833285272287 2.1389110371677 210
"X.210" 0.554630226285539 1.27828856150346 2.23844180450131 211
"X.211" 0.555091272033314 1.2946155159874 2.23790234693724 212
"X.212" 0.591017599349523 1.38812613793046 2.16354825370521 213
"X.213" 0.595820797977615 1.20295426534125 2.13653143723253 214
"X.214" 0.549798256771248 1.27269166294103 2.12478717268861 215
"X.215" 0.558794259486975 1.24123885274788 2.21514803308708 216
"X.216" 0.572495491288092 1.25883809142092 2.25047922471988 217
"X.217" 0.550229574922721 1.28483017171677 2.13156889669638 218
"X.218" 0.567127865842894 1.32229709069814 2.11648573925245 219
"X.219" 0.587623390826 1.2503334227096 2.20506141508752 220
"X.220" 0.578399091139761 1.28900129288495 2.07818626866022 221
"X.221" 0.554166717221181 1.3028549289613 2.10245086377026 222
"X.222" 0.58145238798533 1.24391840934915 2.19671853132562 223
"X.223" 0.566018833572343 1.29519415366096 2.2643582629814 224
"X.224" 0.587910914486536 1.34435687260653 2.11288974355574 225
"X.225" 0.577491383519417 1.31989526043497 2.16051669514044 226
"X.226" 0.559470101034231 1.22366757346488 2.17760069414002 227
"X.227" 0.570272426980225 1.27752968137595 2.13169765233727 228
"X.228" 0.572760977178219 1.23021420476242 2.14494338943391 229
"X.229" 0.55534977153658 1.30648876161928 2.12655206448523 230
"X.230" 0.582319139696665 1.1980876149807 2.09482378540465 231
"X.231" 0.558580399750987 1.29382573333871 2.14524149313086 232
"X.232" 0.577648786225921 1.2741539300791 2.16274972861448 233
"X.233" 0.599561875778588 1.32220360726447 2.15240943575786 234
"X.234" 0.598480998550257 1.25186483052271 2.11413525631018 235
"X.235" 0.573104820095338 1.30251022203593 2.16905815635885 236
"X.236" 0.570974566219289 1.30653268180999 2.09717271254336 237
"X.237" 0.579897620052809 1.28009364560651 2.16460149540491 238
"X.238" 0.544654800732199 1.24199950218046 2.10105640556418 239
"X.239" 0.6179726112344 1.19881512956024 2.16539206614435 240
"X.240" 0.554954000405221 1.24490325299023 2.26844933029443 241
"X.241" 0.53514369349556 1.26190580105016 2.151690869536 242
"X.242" 0.557872197594549 1.27594157942586 2.18968919052169 243
"X.243" 0.560775754033799 1.22983747100811 2.06100114620326 244
"X.244" 0.554744386236077 1.29356166219261 2.14534189482288 245
"X.245" 0.546517777251676 1.20511520195395 2.26548802502603 246
"X.246" 0.579253644447159 1.31360894969854 2.16911709173396 247
"X.247" 0.579723265678018 1.22401030922338 2.14091519562524 248
"X.248" 0.550784316551811 1.27122394971845 2.20232050080373 249
"X.249" 0.557360417588511 1.23279338856654 2.06413733367939 250
"X.250" 0.540287387740551 1.26519387387371 2.23786588480474 251
"X.251" 0.563795392552589 1.27778125431143 2.14099011005073 252
"X.252" 0.56224262511901 1.21314233267871 2.17416396247235 253
"X.253" 0.603720042914504 1.27491295001113 2.13081086886644 254
"X.254" 0.541781847994429 1.21638841243829 2.20976621041544 255
"X.255" 0.586797354927324 1.2752800582873 2.13243285932725 256
"X.256" 0.593532340899979 1.26365014219874 2.16985426582903 257
"X.257" 0.563708217339105 1.23740031953678 2.24316874187257 258
"X.258" 0.57671135675073 1.25428119542499 2.15898445004706 259
"X.259" 0.539184984171942 1.26959489338343 2.20045897372483 260
"X.260" 0.568006915071568 1.27701642169147 2.22839799226306 261
"X.261" 0.572180290083652 1.27727832192602 2.09780260560451 262
"X.262" 0.562409089113106 1.23142518557215 2.17962537907565 263
"X.263" 0.530967037109446 1.25683125795151 2.14798440075625 264
"X.264" 0.561493697003483 1.262306622225 2.19060877085132 265
"X.265" 0.534776020331605 1.25069327216866 2.19497057038232 266
"X.266" 0.558354270207414 1.22429549863495 2.11168027143759 267
"X.267" 0.55111696612013 1.23579604885058 2.24505856710731 268
"X.268" 0.558983434927437 1.32094600357096 2.25475133932453 269
"X.269" 0.565706338654018 1.21919599376114 2.16686581728968 270
"X.270" 0.589225963614907 1.24000528846725 2.13741904154966 271
"X.271" 0.575168390775546 1.25997473033908 2.18437361042187 272
"X.272" 0.541427916177715 1.28279785209527 2.1426295499866 273
"X.273" 0.595369337568762 1.23788321917775 2.27692105556234 274
"X.274" 0.556003928342585 1.2471100935603 2.25553623735085 275
"X.275" 0.569136017031674 1.24831009864596 2.13516676322803 276
"X.276" 0.572222819674671 1.25928210291909 2.08878999721316 277
"X.277" 0.60060421588011 1.21872662093913 2.18479842729352 278
"X.278" 0.565239535045279 1.27393762531586 2.15331519864555 279
"X.279" 0.590063152083187 1.28363807880377 2.20421974620169 280
"X.280" 0.599986141374127 1.31195461332197 2.12372662676577 281
"X.281" 0.572884319017863 1.2836320464328 2.2371291923101 282
"X.282" 0.577137506984235 1.22733944748139 2.19962054314839 283
"X.283" 0.557997823383347 1.23568611237184 2.18339660231485 284
"X.284" 0.562357332617186 1.29572025693194 2.12839460986348 285
"X.285" 0.55423186621031 1.21412968674373 2.17571885367604 286
"X.286" 0.558748329234627 1.25449586823219 2.26708813444949 287
"X.287" 0.567022752034923 1.19932989937618 2.2686135615944 288
"X.288" 0.568575102333501 1.37019277203821 2.13935302005015 289
"X.289" 0.608245471744501 1.24192596119161 2.21555006559566 290
"X.290" 0.53662806421335 1.30213915480613 2.15816618556878 291
"X.291" 0.543085172308131 1.25454505397642 2.16070580977418 292
"X.292" 0.578422734513651 1.21115103791348 2.30786832465325 293
"X.293" 0.565652379323409 1.26558950387253 2.17200952588878 294
"X.294" 0.561485791020234 1.29936379858202 2.05230813456946 295
"X.295" 0.528299315810679 1.20310032043749 2.19982412643115 296
"X.296" 0.560218302258775 1.31697938449895 2.21925452251293 297
"X.297" 0.589403300688037 1.26735795050117 2.19958028451556 298
"X.298" 0.568577129560567 1.33405806090693 2.08226323332221 299
"X.299" 0.558767099747432 1.28518014361704 2.18777840111156 300
"X.300" 0.553337268764806 1.26209715645518 2.18309057559496 301
"X.301" 0.567589218695197 1.31026497814653 2.22205411130402 302
"X.302" 0.56278240117932 1.31387166264845 2.20392133664781 303
"X.303" 0.571819158137968 1.33512148779796 2.15086561571392 304
"X.304" 0.581732781891337 1.20741110138165 2.18252328852618 305
"X.305" 0.588675632885971 1.17249677624298 2.11348999904058 306
"X.306" 0.563074211147986 1.22020829027513 2.22553201798907 307
"X.307" 0.584149604506229 1.26889062178139 2.17190039834952 308
"X.308" 0.602614915687258 1.2286283302678 2.15578795951596 309
"X.309" 0.579062397578057 1.30647032909419 2.1729314980808 310
"X.310" 0.558425573570974 1.36408690442013 2.10053579329497 311
"X.311" 0.57343455618984 1.2842099154983 2.12097561298141 312
"X.312" 0.576500748389253 1.33035783448744 2.20870493625571 313
"X.313" 0.572969141267909 1.28801742966974 2.11278047740702 314
"X.314" 0.546669859944403 1.23460128504836 2.12194750954061 315
"X.315" 0.586182446948906 1.22557348360529 2.14952066953315 316
"X.316" 0.585909962324112 1.26429193653599 2.11600163473869 317
"X.317" 0.574733688843721 1.22618731613236 2.11701980841628 318
"X.318" 0.57242644843934 1.29143479850775 2.28761829447353 319
"X.319" 0.571056117361477 1.18022014381221 2.22009295246758 320
"X.320" 0.557941320268144 1.22406231258261 2.17951967528172 321
"X.321" 0.593446133037771 1.23637417727073 2.2296641051655 322
"X.322" 0.573389921640809 1.21094395498638 2.10649755582129 323
"X.323" 0.546935735557519 1.29122744881835 2.1856419202813 324
"X.324" 0.560140651887849 1.29032248185104 2.06200668150062 325
"X.325" 0.573818588154503 1.26975222379206 2.18722760516336 326
"X.326" 0.570669132943406 1.2398593934994 2.23500277483161 327
"X.327" 0.546574872162911 1.30081419528765 2.17973792099546 328
"X.328" 0.584491680686195 1.32769917785909 2.11795674672374 329
"X.329" 0.593387473364819 1.17168293237463 2.15629121450985 330
"X.330" 0.572291463218984 1.1668948870695 2.17385860786484 331
"X.331" 0.583456310273367 1.27193559026776 2.2212528905456 332
"X.332" 0.546941295724824 1.30273529359593 2.19830844994824 333
"X.333" 0.578204982636446 1.26393534986382 2.22881575098792 334
"X.334" 0.561058936066602 1.28353317459812 2.12058761664617 335
"X.335" 0.593415588067073 1.26068432108582 2.10238610525358 336
"X.336" 0.590338864319993 1.29564646140166 2.12548082572921 337
"X.337" 0.557251181124206 1.21595392462598 2.16987836110589 338
"X.338" 0.548636296057392 1.20769149862047 2.1608110234677 339
"X.339" 0.554915334314578 1.26046833009204 2.16884354176241 340
"X.340" 0.570326385670702 1.26047435881224 2.14408046207297 341
"X.341" 0.564032820010892 1.28628502143591 2.09664167323164 342
"X.342" 0.557046783523186 1.25845900631738 2.07328601505957 343
"X.343" 0.530139952395565 1.20193211471922 2.1553561476502 344
"X.344" 0.566332557575117 1.24772840883329 2.18386970902712 345
"X.345" 0.56611668054579 1.27511264466849 2.19297794095883 346
"X.346" 0.560072161062485 1.21559748438885 2.2772244938263 347
"X.347" 0.568626899413762 1.32489421646259 2.10138604803161 348
"X.348" 0.566224818696945 1.30287669846122 2.22519767667396 349
"X.349" 0.576291302300111 1.17442206190942 2.07524613791956 350
"X.350" 0.580408022586804 1.28920788229035 2.11147885087493 351
"X.351" 0.565631484652443 1.236835012267 2.10233419960389 352
"X.352" 0.58010904184531 1.36921625708615 2.07522434288699 353
"X.353" 0.564929950427475 1.22040030477277 2.24517761513828 354
"X.354" 0.55783322854576 1.26746641710633 2.09731594059086 355
"X.355" 0.551432311691133 1.26765364313829 2.20603848672799 356
"X.356" 0.57935508787517 1.23461600903023 2.1471460466662 357
"X.357" 0.528406620136763 1.27388319546289 2.22251865705797 358
"X.358" 0.516451094963727 1.23410120121127 2.09509740837912 359
"X.359" 0.597625757501225 1.26212909886302 2.10820373251439 360
"X.360" 0.600995598830832 1.20275491321578 2.19069906225444 361
"X.361" 0.579576266047524 1.2415415091686 2.07225345362684 362
"X.362" 0.551044705294875 1.28086664750154 2.21825848271683 363
"X.363" 0.566677732544933 1.26469938168547 2.13200150859371 364
"X.364" 0.553565705875646 1.31299575612488 2.22832623328367 365
"X.365" 0.565686574326681 1.26076375197352 2.18713185056329 366
"X.366" 0.514604028889889 1.33043885432653 2.16827686189154 367
"X.367" 0.57518959457439 1.23599884117351 2.08087200287381 368
"X.368" 0.574579702761987 1.2771547864551 2.16575249887266 369
"X.369" 0.54566517618664 1.29933959514302 2.2381171003398 370
"X.370" 0.570423149872821 1.31334399292425 2.18844133719353 371
"X.371" 0.594626851920539 1.33070443238778 2.18407794649728 372
"X.372" 0.566121035338823 1.25610477470726 2.14311889786024 373
"X.373" 0.595303146950118 1.24116545983152 2.10888048358515 374
"X.374" 0.561578239709797 1.27164084122677 2.12866985452017 375
"X.375" 0.566600303618491 1.2759719347831 2.23588518628249 376
"X.376" 0.593505645448511 1.26309874578989 2.1932843856034 377
"X.377" 0.530851823723464 1.27384471696776 2.24278913471713 378
"X.378" 0.594590466858043 1.29068106710273 2.17975011430553 379
"X.379" 0.589927022354989 1.18437737915084 2.18334262201328 380
"X.380" 0.543127973878774 1.30546334100269 2.14417757928969 381
"X.381" 0.578260694246266 1.25349213803427 2.24321245015232 382
"X.382" 0.556649636204755 1.26203335545978 2.19247528940899 383
"X.383" 0.557268245893916 1.28647899582177 2.20407543493466 384
"X.384" 0.582456080872752 1.27675314996791 2.13211670424919 385
"X.385" 0.567703197397037 1.23826306982678 2.17304582937548 386
"X.386" 0.555700499868589 1.23619086313163 2.21093836951788 387
"X.387" 0.538883406853107 1.19814179438323 2.20352900127663 388
"X.388" 0.554989818716384 1.28870342653873 2.15188746983919 389
"X.389" 0.552904498004159 1.30076303240629 2.15315547956951 390
"X.390" 0.567968923073385 1.3039099984609 2.1402035939665 391
"X.391" 0.543673752030725 1.28940378777963 2.11110457035304 392
"X.392" 0.565953718167701 1.2095511897572 2.1905601696095 393
"X.393" 0.566030342683231 1.26476147837282 2.1137826767988 394
"X.394" 0.543321916211951 1.28305895176408 2.11720635651395 395
"X.395" 0.592782914406937 1.33586939930718 2.11766998334093 396
"X.396" 0.576271133570297 1.2875972369925 2.14544698899319 397
"X.397" 0.585937731134954 1.29084643581094 2.20402918165291 398
"X.398" 0.56534925814194 1.33540253353253 2.2019651892014 399
"X.399" 0.567420387340697 1.28405244826783 2.2714710844341 400
"X.400" 0.588816184603435 1.32895576535934 2.09926276381803 401
"X.401" 0.576274551295904 1.18796483438488 2.16497784657326 402
"X.402" 0.591720144702091 1.24828381602311 2.15403896914596 403
"X.403" 0.58489331147291 1.22083301295213 2.238186457306 404
"X.404" 0.578043898524479 1.20537790385907 2.19050451875042 405
"X.405" 0.563955520991195 1.27354892712107 2.09762404564548 406
"X.406" 0.596239848383593 1.26285988988054 2.17094854268146 407
"X.407" 0.576406716426974 1.22975907750054 2.15618874423157 408
"X.408" 0.572336700239607 1.27437509645856 2.17313633706366 409
"X.409" 0.549509416539132 1.23419628321861 2.08356208789656 410
"X.410" 0.566838652547411 1.25383833728391 2.11873635850663 411
"X.411" 0.527342240380246 1.24744814989646 2.11396707252475 412
"X.412" 0.564026535401519 1.25710666322379 2.19552588998112 413
"X.413" 0.57882706718416 1.34854248081556 2.15424846526953 414
"X.414" 0.584548132937741 1.27921217393552 2.11664867872383 415
"X.415" 0.57153750429523 1.29263546212537 2.14831047578941 416
"X.416" 0.548610958853388 1.3240299162041 2.17464908965273 417
"X.417" 0.59517455952599 1.28649171273441 2.14012580956524 418
"X.418" 0.583745636667229 1.27335711970775 2.18872581205499 419
"X.419" 0.557360288319342 1.28127100397409 2.20389976753719 420
"X.420" 0.585584986305393 1.24997783941708 2.12965276296282 421
"X.421" 0.573715946976631 1.27613771172497 2.2186207341236 422
"X.422" 0.557277323654137 1.28462107152678 2.25166727422355 423
"X.423" 0.548241270735643 1.2708070188455 2.1684318802145 424
"X.424" 0.592348110886554 1.23517328891166 2.12151620917594 425
"X.425" 0.561616444497759 1.30799065011785 2.13804146050371 426
"X.426" 0.564545133146072 1.22270128322728 2.24167967465257 427
"X.427" 0.565845482468291 1.27804652080027 2.14646716193599 428
"X.428" 0.561560035477481 1.21203068978067 2.21717696898419 429
"X.429" 0.601651628847701 1.29485217321283 2.14131191422051 430
"X.430" 0.581270436373982 1.28272605352564 2.19408888909349 431
"X.431" 0.619208048513243 1.28294146543614 2.25492261681355 432
"X.432" 0.556266315169446 1.25094910302092 2.14839887054498 433
"X.433" 0.558576064072649 1.28484107242682 2.1981356526986 434
"X.434" 0.598716282221381 1.22248393888092 2.1418138221715 435
"X.435" 0.577778150940963 1.22469950840849 2.13263572443578 436
"X.436" 0.562324564526144 1.2381201127262 2.17345123493442 437
"X.437" 0.581538728304829 1.23510794519863 2.20512120567902 438
"X.438" 0.558122484212741 1.26484776395591 2.13274592236556 439
"X.439" 0.538195413643787 1.23355563114893 2.23575324363961 440
"X.440" 0.567095741829392 1.35888166812775 2.23212976519225 441
"X.441" 0.588856343913236 1.24732214359482 2.20367311327609 442
"X.442" 0.565575874937034 1.26906853776111 2.26096058690728 443
"X.443" 0.578594273076351 1.22580744720345 2.21783836541089 444
"X.444" 0.553642518034037 1.28065867177286 2.14872543740623 445
"X.445" 0.575626906001252 1.28795916730651 2.19561448471416 446
"X.446" 0.557509764038759 1.26951044722691 2.18516837490314 447
"X.447" 0.561302299867227 1.29427458499528 2.21093676426724 448
"X.448" 0.582547058252514 1.18042855322134 2.08175074096764 449
"X.449" 0.555829749456476 1.27290657332607 2.18671616816672 450
"X.450" 0.584746359685987 1.15089175480465 2.26629560702097 451
"X.451" 0.578323345374243 1.27940792495547 2.18270287795956 452
"X.452" 0.567143681585794 1.34024990939896 2.17204319928116 453
"X.453" 0.574340731453014 1.30690446445262 2.15367925716807 454
"X.454" 0.553587035263181 1.20859101750662 2.19683782935817 455
"X.455" 0.581452463716779 1.23530664594562 2.1546823798628 456
"X.456" 0.574287728374524 1.26531917795369 2.17611631275383 457
"X.457" 0.573594053608247 1.31508989030948 2.19955973787419 458
"X.458" 0.596316131494456 1.36087873126423 2.15140479435678 459
"X.459" 0.544258560657524 1.30292363697021 2.15001781422347 460
"X.460" 0.557212432531602 1.30620715134897 2.19667304034549 461
"X.461" 0.546253637045686 1.21929617200517 2.21215657844659 462
"X.462" 0.577092282162822 1.20580552407727 2.1903368619031 463
"X.463" 0.525996579772683 1.24371986487363 2.23256192349888 464
"X.464" 0.57487512168116 1.28492809198292 2.18273163382596 465
"X.465" 0.560079812465743 1.27870704650156 2.18980540832527 466
"X.466" 0.574213067452112 1.22352525578861 2.11253770038551 467
"X.467" 0.572764890962284 1.23861023558655 2.06255180520285 468
"X.468" 0.605753544033253 1.29359457041486 2.20360357006684 469
"X.469" 0.57366626258926 1.25050264560804 2.10079816246646 470
"X.470" 0.561564398907122 1.2142522476178 2.1952306325339 471
"X.471" 0.590167028898684 1.29628967655484 2.20424699156992 472
"X.472" 0.562408843005428 1.23873320835496 2.08577986566444 473
"X.473" 0.530712162078285 1.33722057881917 2.11162318474708 474
"X.474" 0.558690480062546 1.27212804236433 2.13440312830576 475
"X.475" 0.575979195543684 1.29020839951079 2.2515259764611 476
"X.476" 0.559452161444598 1.24700662816883 2.14953517355276 477
"X.477" 0.59251569265917 1.23557852376482 2.01208422994483 478
"X.478" 0.542085776025898 1.23381773597167 2.24277925009272 479
"X.479" 0.579054067832092 1.31419055585624 2.10985092919771 480
"X.480" 0.581369258168992 1.28036198147299 2.06227116910709 481
"X.481" 0.56677164631601 1.25317638186071 2.18670165616666 482
"X.482" 0.562168210222218 1.32756668966576 2.24536819802791 483
"X.483" 0.548613307332215 1.28724536260205 2.15715745749868 484
"X.484" 0.544484582079504 1.27477757850042 2.16615570787844 485
"X.485" 0.557418591058715 1.29984984075258 2.19335199050437 486
"X.486" 0.568492196094648 1.31263049185248 2.17418061566384 487
"X.487" 0.557518581691031 1.23139013323673 2.18096073405812 488
"X.488" 0.579509309563253 1.29268409812854 2.2618867855444 489
"X.489" 0.594055812156094 1.31561292478437 2.20216019540534 490
"X.490" 0.577581704290361 1.3237266522134 2.15946797379578 491
"X.491" 0.56507878731234 1.25389173687819 2.22432724047646 492
"X.492" 0.585883799243023 1.29948562799909 2.17134655998572 493
"X.493" 0.555771309003098 1.27467256373677 2.16853883400769 494
"X.494" 0.557380529086286 1.21124784268182 2.07697788078376 495
"X.495" 0.560789439931046 1.27674508197403 2.07116261899844 496
"X.496" 0.567250303347544 1.27225411380625 2.2440740299052 497
"X.497" 0.599995897497526 1.24846729717882 2.12641684784267 498
"X.498" 0.544747588038673 1.24983814662534 2.13490831280561 499
"X.499" 0.574415203825642 1.2655618306731 2.16829576875203 500
