"ab" 0.740968733981066 2.22211712161623 1.68859378508601 0
"X" 0.756194362553879 2.22491278575254 1.62775281947441 1
"X.1" 0.755588211272967 2.18054217088344 1.66004918893836 2
"X.2" 0.757321195503137 2.25461712490834 1.66708196083581 3
"X.3" 0.783998607731777 2.13130760444302 1.54019364496722 4
"X.4" 0.756802135168791 2.21947675877569 1.6860876445279 5
"X.5" 0.721840195150147 2.25147251100301 1.73975420283245 6
"X.6" 0.740892114712315 2.17227623659504 1.66196817272936 7
"X.7" 0.738246924171865 2.24193344868825 1.81557088159563 8
"X.8" 0.706771085056953 2.28640042672564 1.66553923676563 9
"X.9" 0.758211547186192 2.32813655184316 1.73018011678588 10
"X.10" 0.703536697763384 2.30033723383045 1.71773794428424 11
"X.11" 0.724909125111479 2.27929653143341 1.76791199287517 12
"X.12" 0.727891692287647 2.22938950790491 1.64119218681787 13
"X.13" 0.736525268048274 2.14374694796705 1.616269707943 14
"X.14" 0.742916791853497 2.22801922315188 1.73229163438728 15
"X.15" 0.732276497413386 2.24685850035029 1.75082619737568 16
"X.16" 0.757470937875837 2.20693314633667 1.59459268401448 17
"X.17" 0.72262510663119 2.20731765073706 1.7728557830205 18
"X.18" 0.742472178434006 2.16250930504788 1.7622016238173 19
"X.19" 0.74546697023541 2.18837304097291 1.72063946731149 20
"X.20" 0.73102708004319 2.28882821008723 1.82359566371278 21
"X.21" 0.748156194574478 2.20062191040929 1.65093131596951 22
"X.22" 0.742463009565817 2.1896867257913 1.64677140197239 23
"X.23" 0.746141177787396 2.25079071650036 1.65710955735594 24
"X.24" 0.747745630575542 2.29474969807429 1.64767095410525 25
"X.25" 0.740800822937122 2.17257408176301 1.71733052836984 26
"X.26" 0.743403248540762 2.27586704219519 1.67968879170011 27
"X.27" 0.737424540545986 2.2649758440706 1.77720712372505 28
"X.28" 0.738521984025184 2.22513879759042 1.72921546467734 29
"X.29" 0.722376642274609 2.15956667669283 1.64827275467964 30
"X.30" 0.738821073321601 2.23288395976043 1.60897916930486 31
"X.31" 0.7370039536906 2.28221308088232 1.70590315204592 32
"X.32" 0.72633605328731 2.28143538092488 1.77600395806775 33
"X.33" 0.759710518604197 2.2634137498512 1.65811523509749 34
"X.34" 0.72862223805532 2.29732843711711 1.69725635027156 35
"X.35" 0.732004897796424 2.27849946129098 1.7157477597672 36
"X.36" 0.721427568745654 2.1111673363009 1.69694283420098 37
"X.37" 0.738657463015775 2.28400683265205 1.61901574868047 38
"X.38" 0.753616998629613 2.21109920020534 1.70940236623801 39
"X.39" 0.751274784006956 2.15247917246994 1.69784769909068 40
"X.40" 0.745802542893497 2.24683305321789 1.65018487052279 41
"X.41" 0.71896925350922 2.10107197950322 1.68472453791053 42
"X.42" 0.765634071720615 2.31986691078247 1.73805720396352 43
"X.43" 0.744086825232182 2.22133603552675 1.66534881891886 44
"X.44" 0.753556842169684 2.230903677947 1.70677375795406 45
"X.45" 0.748780069655784 2.18343792403344 1.65055676032624 46
"X.46" 0.752785880903694 2.18416206137356 1.69110064942016 47
"X.47" 0.738854376804153 2.2253833186811 1.75325761020861 48
"X.48" 0.752919526469456 2.24128033180562 1.57309383592842 49
"X.49" 0.713942241188831 2.20277041316189 1.74559686718977 50
"X.50" 0.762694883363505 2.15214124368522 1.62713463748986 51
"X.51" 0.78371418103117 2.25983472367824 1.66770061344872 52
"X.52" 0.763215313064994 2.29791691616728 1.73416035262945 53
"X.53" 0.713848383062271 2.2583321477855 1.69421000695899 54
"X.54" 0.75576024719323 2.20360689315742 1.70926035771542 55
"X.55" 0.750514468458668 2.24982396106114 1.70006451766591 56
"X.56" 0.72931596346269 2.18425174989266 1.63344549900151 57
"X.57" 0.739547636214094 2.133184201705 1.69202333287286 58
"X.58" 0.72935070963059 2.15929410795484 1.66361532822626 59
"X.59" 0.746472193580303 2.18422908949092 1.6980055750022 60
"X.60" 0.748812793557742 2.28511160128573 1.66276836145737 61
"X.61" 0.729782297301931 2.15693202651238 1.75679651600757 62
"X.62" 0.741813968784607 2.21908783942649 1.77617432899334 63
"X.63" 0.741951157239638 2.18938629286839 1.73711583361389 64
"X.64" 0.722593857058138 2.19761281404451 1.63386270915411 65
"X.65" 0.786437259262972 2.20715505192337 1.69498006240341 66
"X.66" 0.704686606766129 2.15338682413261 1.65567575002056 67
"X.67" 0.721245339158955 2.20333878518526 1.71563952039706 68
"X.68" 0.73233401047214 2.17284800828196 1.67146061242599 69
"X.69" 0.707806832676471 2.23169089026305 1.64577903999314 70
"X.70" 0.73097096957763 2.2676564401496 1.68622322237697 71
"X.71" 0.718573757101254 2.16856281271939 1.69397363460506 72
"X.72" 0.753475834570658 2.09406274864476 1.72644222494931 73
"X.73" 0.741784117688786 2.1969085898087 1.6280580584925 74
"X.74" 0.738138955835221 2.22148455657228 1.71715213144043 75
"X.75" 0.742482730852135 2.26715877526238 1.68694609280252 76
"X.76" 0.76193346546773 2.2402097239861 1.74513016089948 77
"X.77" 0.734262285097677 2.20837702816515 1.69706245879002 78
"X.78" 0.726938499771348 2.25556812098024 1.70909704340708 79
"X.79" 0.754562338542822 2.12630979496215 1.67965036904097 80
"X.80" 0.741259395743167 2.16136089979693 1.62853234477096 81
"X.81" 0.719538637061263 2.14570062539369 1.68189887972971 82
"X.82" 0.763458033008383 2.3380034653346 1.72963240611048 83
"X.83" 0.770456470327147 2.19295203828087 1.64077517658741 84
"X.84" 0.754074343752612 2.24728378460638 1.69328146657274 85
"X.85" 0.738519998296673 2.17171493910855 1.75633954253255 86
"X.86" 0.750332513009193 2.25085602243785 1.6514135964894 87
"X.87" 0.731271285509676 2.14801106424409 1.67321050621039 88
"X.88" 0.732861117625268 2.18005817430814 1.66961779931923 89
"X.89" 0.750374165313503 2.11211489720362 1.69297689453711 90
"X.90" 0.724854566646512 2.2491384450298 1.74487553018563 91
"X.91" 0.756898243477522 2.16514710639639 1.6721924148799 92
"X.92" 0.728581638593188 2.27408174549751 1.7513341135879 93
"X.93" 0.766834159775511 2.23719272130906 1.73294896249925 94
"X.94" 0.744604947905818 2.29932786633613 1.71238760479058 95
"X.95" 0.704659879404766 2.17867405848407 1.7029602160637 96
"X.96" 0.748871131187742 2.30252005228764 1.69269672933964 97
"X.97" 0.712343461133317 2.23281162526845 1.70371236333433 98
"X.98" 0.724634236297531 2.27313502586773 1.79071678497636 99
"X.99" 0.728737910882331 2.21571954620104 1.72849687119952 100
"X.100" 0.719879666457619 2.23304085283327 1.69064919960996 101
"X.101" 0.73762666718527 2.26824324673276 1.63961926168702 102
"X.102" 0.73325671117839 2.18236057711277 1.65508450553547 103
"X.103" 0.725450191086723 2.27314699849838 1.70946076972829 104
"X.104" 0.728912391791591 2.22323250827649 1.77713167130773 105
"X.105" 0.751732488362434 2.25214239420618 1.75461492769351 106
"X.106" 0.725924015865089 2.27257593155649 1.78859469106894 107
"X.107" 0.781766400706296 2.29085390112393 1.68591192072613 108
"X.108" 0.779925824971622 2.22024063293323 1.66144067055145 109
"X.109" 0.730720477842853 2.2142587053992 1.69174184651678 110
"X.110" 0.729596332455223 2.17517797367057 1.66723497789714 111
"X.111" 0.737409163016796 2.24697795860992 1.76555281820325 112
"X.112" 0.753687686589745 2.24925569282565 1.74404403944497 113
"X.113" 0.757037344897634 2.25524057804783 1.71126011554283 114
"X.114" 0.74120987708036 2.25533091590371 1.61686864785263 115
"X.115" 0.786309289294453 2.1654614714465 1.60198583215907 116
"X.116" 0.714235164012624 2.15029778108895 1.67576190906821 117
"X.117" 0.71640442083401 2.24089289377605 1.66130623858037 118
"X.118" 0.728289486792117 2.13889894299469 1.65171508956859 119
"X.119" 0.733362612410901 2.23776363226205 1.7877656447772 120
"X.120" 0.796756633012356 2.08407513894394 1.70018875883106 121
"X.121" 0.702274439861805 2.21671171531067 1.69864859077706 122
"X.122" 0.749040224747622 2.16007066721384 1.68821270737057 123
"X.123" 0.751132727645541 2.24622678759599 1.71632968385718 124
"X.124" 0.732589251290716 2.28167388645127 1.7360977434098 125
"X.125" 0.780400662162506 2.27793584062132 1.66563746212395 126
"X.126" 0.771846636397514 2.17364864375817 1.64692902398237 127
"X.127" 0.738685015167025 2.19350517578567 1.63271701705967 128
"X.128" 0.699851133097228 2.14082941011138 1.78973575499095 129
"X.129" 0.707854320812703 2.26759482549641 1.82361958287377 130
"X.130" 0.760150735454699 2.23496954940362 1.69336468257401 131
"X.131" 0.7195884141341 2.24753391115656 1.68070788262881 132
"X.132" 0.757043534572648 2.19832144916908 1.65398974946212 133
"X.133" 0.741277535075573 2.29592893907321 1.69870726016989 134
"X.134" 0.706293684949781 2.0961190752686 1.71915252205055 135
"X.135" 0.739394495924411 2.35077023498604 1.66492453215037 136
"X.136" 0.714650403933649 2.29580616705877 1.712335918973 137
"X.137" 0.752251759592156 2.23685609356775 1.66059456141613 138
"X.138" 0.734101778728086 2.26411344202982 1.65057999616923 139
"X.139" 0.724861419247134 2.20828669666219 1.70188862991728 140
"X.140" 0.723340715999597 2.14347072361616 1.70873850733263 141
"X.141" 0.70940495161674 2.29906234594098 1.71390879357078 142
"X.142" 0.742187080817313 2.13619284361623 1.641753758081 143
"X.143" 0.742865277029424 2.29802785631731 1.62933993234929 144
"X.144" 0.724325578262821 2.17931611744456 1.62924406890705 145
"X.145" 0.744434137164597 2.18025827329737 1.62966981963904 146
"X.146" 0.724678863982346 2.18702039616484 1.65210140810045 147
"X.147" 0.752333730196808 2.22880097125749 1.64668228251263 148
"X.148" 0.760169055406402 2.24572507329887 1.61877536944666 149
"X.149" 0.748584403747425 2.18671170628098 1.74463486581682 150
"X.150" 0.753785265833182 2.11349662760694 1.65364617389646 151
"X.151" 0.765304057966891 2.20624737103511 1.643131530366 152
"X.152" 0.727852117934642 2.15754253575759 1.71822702779578 153
"X.153" 0.756563078978256 2.25585825536121 1.74467420298024 154
"X.154" 0.750490879738526 2.20341652710352 1.73535883169587 155
"X.155" 0.742999302251215 2.19483202670027 1.61452118327638 156
"X.156" 0.703874165159191 2.24746353193446 1.65156071179597 157
"X.157" 0.773533620563275 2.29453747144885 1.71511788448059 158
"X.158" 0.722283160014372 2.21669739010337 1.57421903289333 159
"X.159" 0.753469952244956 2.20195048160484 1.7388402001551 160
"X.160" 0.712358416293664 2.23296642582719 1.67218986704482 161
"X.161" 0.768711215213552 2.1830214780608 1.64377690016248 162
"X.162" 0.719812594155415 2.17079397524731 1.76924991851552 163
"X.163" 0.713963281776456 2.2703559149172 1.63001576926517 164
"X.164" 0.778785638715318 2.30615784145414 1.66112167852575 165
"X.165" 0.747608470709226 2.173821024479 1.72772414697121 166
"X.166" 0.712300386297022 2.19432900146859 1.71787165738708 167
"X.167" 0.737101617578492 2.2250555451852 1.70366729433681 168
"X.168" 0.721144594390198 2.29227057834586 1.72205772054097 169
"X.169" 0.736042650187534 2.29781687871181 1.72831597296304 170
"X.170" 0.7228774819629 2.1991880452671 1.71167348468363 171
"X.171" 0.751364805352391 2.29915805007491 1.69659595187575 172
"X.172" 0.735120988263041 2.18531649364709 1.81175713617108 173
"X.173" 0.721529921975254 2.19823401566552 1.773803481445 174
"X.174" 0.726851967930921 2.27853268974052 1.67016036957091 175
"X.175" 0.742346127281781 2.17439789229821 1.58578264550821 176
"X.176" 0.742717345423232 2.1927664328056 1.84036212836897 177
"X.177" 0.750667803342011 2.3127959556478 1.71601407325663 178
"X.178" 0.751016954968511 2.32284505562413 1.70182562150393 179
"X.179" 0.760687114533666 2.21705324113498 1.65758588250677 180
"X.180" 0.771289733795073 2.26310654814 1.66545484934424 181
"X.181" 0.761127363175144 2.15348161522215 1.70092635083415 182
"X.182" 0.721782354551405 2.22209037586377 1.69112319065773 183
"X.183" 0.733174567012735 2.26192722723657 1.66068519672744 184
"X.184" 0.738952161937109 2.18579614687397 1.6537403895497 185
"X.185" 0.724074783209958 2.20949901912875 1.69267648992629 186
"X.186" 0.775394070006852 2.18434400224764 1.64468777115266 187
"X.187" 0.735611900922336 2.21037611839346 1.68367338011589 188
"X.188" 0.722695174969261 2.32059306495828 1.61522354683214 189
"X.189" 0.748100552787381 2.29336566947858 1.71354033181861 190
"X.190" 0.761085487191139 2.280006049258 1.70795467693487 191
"X.191" 0.760328232202219 2.12840489486409 1.72108724894063 192
"X.192" 0.729924155548049 2.29348802127777 1.74945894159239 193
"X.193" 0.738909917572147 2.2143527309014 1.62359967123229 194
"X.194" 0.74818062027275 2.22906267928099 1.81464962678699 195
"X.195" 0.741898679118136 2.12471158055797 1.77929072621995 196
"X.196" 0.723025321673258 2.22814024303866 1.72467612554584 197
"X.197" 0.76414051959504 2.2075235543066 1.74485021541593 198
"X.198" 0.729285846315409 2.18519244146369 1.68875657771111 199
"X.199" 0.709808265132906 2.16292289970202 1.73562631820994 200
"X.200" 0.743728172616186 2.24114675783559 1.66410591048926 201
"X.201" 0.76190479574237 2.25605375311653 1.68648462974586 202
"X.202" 0.745374424842939 2.22409358621724 1.78696574903768 203
"X.203" 0.745621570201122 2.22809230253715 1.75991838246474 204
"X.204" 0.715410598011395 2.22966631560263 1.71961336503455 205
"X.205" 0.756591818381243 2.16869436982334 1.72823029617355 206
"X.206" 0.721275582167912 2.13847039021167 1.66288760356648 207
"X.207" 0.73838615636273 2.21702377169098 1.69390717916419 208
"X.208" 0.762224650776755 2.14768393203056 1.67847521888986 209
"X.209" 0.74160600309088 2.22500104302222 1.73334681666898 210
"X.210" 0.732515765708953 2.19811714459903 1.7757851476216 211
"X.211" 0.755807088876052 2.21262829951498 1.71648041197954 212
"X.212" 0.741197685175374 2.19070823524715 1.6708580954222 213
"X.213" 0.717834518999672 2.23394141401957 1.63341819898501 214
"X.214" 0.747806706894775 2.21038151433869 1.72778333270609 215
"X.215" 0.737633966942324 2.21113498448995 1.69374160579892 216
"X.216" 0.760083500822901 2.16769341219608 1.68897467185354 217
"X.217" 0.732031374195193 2.21100333838369 1.72936686993112 218
"X.218" 0.7462677127338 2.1996853380516 1.60977789375825 219
"X.219" 0.727583327547766 2.23216645955777 1.70084984493967 220
"X.220" 0.725733540360249 2.15951196999281 1.66898734373964 221
"X.221" 0.763555772104084 2.24916299101375 1.78577695674728 222
"X.222" 0.751668130900197 2.30570114733914 1.74236382332756 223
"X.223" 0.726793240847073 2.28637822943781 1.72659562325561 224
"X.224" 0.717879254263797 2.13400647872023 1.63634455170163 225
"X.225" 0.714861153599899 2.3354244073128 1.68093175919602 226
"X.226" 0.719882276013692 2.21294692113934 1.72409017393682 227
"X.227" 0.705629179568132 2.19897662123343 1.67786513388755 228
"X.228" 0.74782503120784 2.28464215302613 1.73657453720393 229
"X.229" 0.72458163195097 2.3333086956586 1.6557915073988 230
"X.230" 0.738421402338593 2.16823713727732 1.70408262287399 231
"X.231" 0.73171515532814 2.20436589563436 1.75339117697769 232
"X.232" 0.742815331577263 2.2420767484885 1.67283872581529 233
"X.233" 0.750801435251442 2.22734825960497 1.61415774904213 234
"X.234" 0.718093323050909 2.2397906611582 1.66925027724108 235
"X.235" 0.731760528881063 2.23387563642427 1.63850275324993 236
"X.236" 0.754574613274185 2.19216373793809 1.65818299766648 237
"X.237" 0.750389091108994 2.16381537264173 1.70725720645162 238
"X.238" 0.749947443645219 2.14442950345589 1.72444678029738 239
"X.239" 0.754917499855692 2.18352847926658 1.64069957402801 240
"X.240" 0.711792464451402 2.09440887412728 1.61370785511934 241
"X.241" 0.753142469724333 2.24194817449509 1.69305109748771 242
"X.242" 0.717479896303402 2.19311737956873 1.68539931977872 243
"X.243" 0.714992650718919 2.20632086987457 1.72301994198894 244
"X.244" 0.715618014090444 2.26839095958095 1.72552908549161 245
"X.245" 0.778578653406038 2.13976632512296 1.70150154077279 246
"X.246" 0.720495877543319 2.1667829097862 1.74451013614306 247
"X.247" 0.732373587050721 2.24236000027654 1.78758007399776 248
"X.248" 0.712918776583807 2.11816496094392 1.61893615740478 249
"X.249" 0.744386026278698 2.21484827275876 1.69802891380973 250
"X.250" 0.762407985190408 2.21218111926279 1.7426263165162 251
"X.251" 0.7387438961595 2.24231176541962 1.75050467776148 252
"X.252" 0.779179712847924 2.2460540756395 1.79217601859132 253
"X.253" 0.775266133598558 2.12386077426182 1.7419933992987 254
"X.254" 0.79818586187835 2.21249691992262 1.67287881562568 255
"X.255" 0.725901890963867 2.19910297256724 1.70029654382951 256
"X.256" 0.747825250745911 2.28151626587047 1.72835015187821 257
"X.257" 0.74071008330531 2.20302940694724 1.70015099907959 258
"X.258" 0.765086655643358 2.08683720400889 1.6371368139688 259
"X.259" 0.736476566965812 2.05937390948446 1.66102237765325 260
"X.260" 0.74798027575202 2.31932048767865 1.67912692794471 261
"X.261" 0.709145521423392 2.09605465966955 1.69290238796565 262
"X.262" 0.761213222437502 2.10103104312413 1.69376609525923 263
"X.263" 0.723238705072754 2.23684170862263 1.6217106420533 264
"X.264" 0.768304571751799 2.06292042654864 1.71352797843479 265
"X.265" 0.761282811309609 2.19811212973818 1.63300738570438 266
"X.266" 0.731910312648497 2.15311630229418 1.69071959076896 267
"X.267" 0.725666725870924 2.1555756138757 1.63883764046243 268
"X.268" 0.760338841519681 2.2934957711722 1.62472477147502 269
"X.269" 0.705752651254801 2.12498934932412 1.70262681825516 270
"X.270" 0.762791649533958 2.28968272463709 1.67592802014918 271
"X.271" 0.769526738874343 2.19498409180073 1.67614527981015 272
"X.272" 0.722266550703738 2.31610991165456 1.55476522856053 273
"X.273" 0.712996324570046 2.15048981696758 1.75627237336484 274
"X.274" 0.74548767579828 2.12832337715249 1.65471180490746 275
"X.275" 0.71243425976145 2.20920379372288 1.71037620618839 276
"X.276" 0.721872486858403 2.20699202102054 1.73782121185595 277
"X.277" 0.756248300536946 2.09664749258018 1.74858380354225 278
"X.278" 0.733283705223417 2.18406974984643 1.65725252514452 279
"X.279" 0.757602442757703 2.21684398908821 1.79995097929991 280
"X.280" 0.723129059674805 2.27154226535693 1.6352176553867 281
"X.281" 0.735157648832453 2.29967224446515 1.65008594791096 282
"X.282" 0.756923394323697 2.1664808692719 1.8103194413008 283
"X.283" 0.744237845519393 2.23584471519869 1.69443453310452 284
"X.284" 0.735453881380985 2.23815005903615 1.69490993474608 285
"X.285" 0.771432243251152 2.2564201794067 1.69327204846745 286
"X.286" 0.726915403169895 2.19622989128322 1.63474299179433 287
"X.287" 0.736842934108562 2.24471630955081 1.75067334773071 288
"X.288" 0.762936438031118 2.23635603254479 1.64658399446267 289
"X.289" 0.746025545560265 2.12901626047095 1.64856528424717 290
"X.290" 0.69730078587061 2.19801134342918 1.64282433097136 291
"X.291" 0.738825788401409 2.15574886787535 1.60342128923941 292
"X.292" 0.726399571056055 2.1833814202485 1.74441266212669 293
"X.293" 0.709392371329159 2.15600510838217 1.68766356969712 294
"X.294" 0.739734206916149 2.14092061772649 1.61707228717647 295
"X.295" 0.701777733741782 2.20668759504122 1.70541873351603 296
"X.296" 0.748537875825067 2.22149375247679 1.68233966081956 297
"X.297" 0.740881887680247 2.15433018891675 1.72056674990512 298
"X.298" 0.740899560144822 2.27826984605509 1.72251547233991 299
"X.299" 0.690880192691904 2.2036649892129 1.72812625113067 300
"X.300" 0.746059483127349 2.14155959189095 1.68710381839261 301
"X.301" 0.793950539831026 2.31836526051354 1.63526404916175 302
"X.302" 0.71306171683942 2.21308757071384 1.7269236608452 303
"X.303" 0.742660077970219 2.30628112417993 1.63027625114244 304
"X.304" 0.712837764907974 2.15390545200123 1.78007713913487 305
"X.305" 0.764470688353609 2.2572900552888 1.68494182197093 306
"X.306" 0.70733570542099 2.29011092580441 1.73230358184444 307
"X.307" 0.758978749090871 2.29255168025453 1.60581449550785 308
"X.308" 0.756992968834023 2.16460947990926 1.6669504990795 309
"X.309" 0.758814350529474 2.17014689850996 1.61409038915845 310
"X.310" 0.729676638946571 2.23855208068185 1.75760562327032 311
"X.311" 0.747171896868334 2.21368597492191 1.71997314645007 312
"X.312" 0.716855344017743 2.31386085368166 1.68829165100447 313
"X.313" 0.758280770359399 2.32828113765682 1.64883885748991 314
"X.314" 0.729753333191803 2.21012592052654 1.70962391235779 315
"X.315" 0.708845222261113 2.14200144839998 1.76190998630086 316
"X.316" 0.756412324202841 2.17053470385857 1.65288684313924 317
"X.317" 0.747168394977848 2.35977509001057 1.73353926446724 318
"X.318" 0.726019981002141 2.27334888731142 1.73932169677712 319
"X.319" 0.733650256344331 2.11247795524839 1.70478277001205 320
"X.320" 0.730392951983889 2.31769559215703 1.77533200591207 321
"X.321" 0.737008883796766 2.26994290465086 1.76779774532332 322
"X.322" 0.732600055699405 2.24644236779264 1.72353242298897 323
"X.323" 0.710843508835792 2.19572951738946 1.76687771708782 324
"X.324" 0.733498873973089 2.25945168799773 1.68790688494223 325
"X.325" 0.732098629720957 2.26993634972306 1.78482317236601 326
"X.326" 0.716324807539713 2.1749006545425 1.72658663851901 327
"X.327" 0.719044738789793 2.30205676873979 1.68471268852433 328
"X.328" 0.746590135913969 2.28540026678416 1.7143601381099 329
"X.329" 0.73464943131032 2.29631524957771 1.67589685481579 330
"X.330" 0.763584557396363 2.2394095811797 1.64703341302593 331
"X.331" 0.761223034730391 2.19840300194177 1.66902965043032 332
"X.332" 0.736951535359965 2.19809643717402 1.70561103374959 333
"X.333" 0.742662133532418 2.16389008784048 1.66798911300633 334
"X.334" 0.741312544795267 2.1576057108883 1.72449264161517 335
"X.335" 0.764915322364402 2.14964512653487 1.60647140154588 336
"X.336" 0.740568881270759 2.33058361718877 1.64212258104385 337
"X.337" 0.700724556786949 2.20808875930665 1.63280933422074 338
"X.338" 0.715805292219331 2.24448563333944 1.62026038370264 339
"X.339" 0.739337916853095 2.19973823690653 1.72652098843985 340
"X.340" 0.756781155162005 2.21016438106055 1.66023832588893 341
"X.341" 0.774139102176439 2.1891319049444 1.69273138747815 342
"X.342" 0.729034381167129 2.23654700813864 1.64554143420595 343
"X.343" 0.719435239113668 2.28342180029624 1.71541081300931 344
"X.344" 0.751273640067146 2.16371168393534 1.73928096559334 345
"X.345" 0.731137246263005 2.3473927328073 1.6827357510471 346
"X.346" 0.721830566927408 2.21930448463455 1.73109546608811 347
"X.347" 0.721425601055744 2.21124929941487 1.6727788715255 348
"X.348" 0.744500878240803 2.14722683844873 1.65101870765122 349
"X.349" 0.734196241541475 2.20726842428748 1.6923451719807 350
"X.350" 0.734966098275235 2.23701247921428 1.64348744234921 351
"X.351" 0.745849124692909 2.3668291392253 1.61813411900624 352
"X.352" 0.741978155915461 2.3325004006015 1.57895202442558 353
"X.353" 0.75246904762341 2.13921406367357 1.68857642809382 354
"X.354" 0.762341249632552 2.12618351021773 1.73347878167314 355
"X.355" 0.733190885403024 2.20781753832922 1.74289650313226 356
"X.356" 0.746995906259707 2.17244770482405 1.67622688479011 357
"X.357" 0.784595814615978 2.13251828627208 1.66409767160894 358
"X.358" 0.730839574351734 2.04369944770432 1.58897101428142 359
"X.359" 0.772966486463459 2.19183590279272 1.67719314153343 360
"X.360" 0.735376161735549 2.25799511647116 1.7509730311353 361
"X.361" 0.727046578575968 2.21468121434589 1.66773300548689 362
"X.362" 0.753301764469466 2.30516346397144 1.63269806248372 363
"X.363" 0.768108820416844 2.33794833651579 1.651002936561 364
"X.364" 0.764695641985577 2.18417218277051 1.76193354473003 365
"X.365" 0.715167290860149 2.32771946162847 1.78657545418296 366
"X.366" 0.740011251291343 2.24181338445068 1.6370153894325 367
"X.367" 0.756260254117751 2.25843065796463 1.68169190965062 368
"X.368" 0.73675870220548 2.27516173736673 1.68762752098255 369
"X.369" 0.726812726997248 2.2727291557335 1.74487402910386 370
"X.370" 0.741656230804105 2.13246364190582 1.54429240026745 371
"X.371" 0.752994783519758 2.21802397008985 1.59250301906155 372
"X.372" 0.73844678304544 2.3452473053538 1.75856639083949 373
"X.373" 0.747872217481873 2.18603997909252 1.66262480671717 374
"X.374" 0.731726640438211 2.24939660718062 1.70705519403748 375
"X.375" 0.76174174215434 2.17639128894597 1.71493377454673 376
"X.376" 0.74562916558726 2.17607522490549 1.62791412624289 377
"X.377" 0.738791277378708 2.21669793260533 1.66577476364205 378
"X.378" 0.709628250269335 2.16166404668072 1.65362261821931 379
"X.379" 0.748489480008704 2.17190854412647 1.61233148040298 380
"X.380" 0.734957161219463 2.3208521822696 1.68120994756875 381
"X.381" 0.751284259156837 2.20777300877554 1.69433995879195 382
"X.382" 0.704705017163708 2.15625427787873 1.78859841713088 383
"X.383" 0.755201368076701 2.22793590765917 1.64041774117959 384
"X.384" 0.73447255999485 2.17482655142366 1.66920396422729 385
"X.385" 0.739677707428359 2.16590842632447 1.71357949854395 386
"X.386" 0.72197185145905 2.12697710596268 1.65690495232839 387
"X.387" 0.760609382932974 2.20880094810744 1.70133086255813 388
"X.388" 0.725259894589465 2.12527783334894 1.69516289630271 389
"X.389" 0.73199822719169 2.2671880401937 1.67411546112781 390
"X.390" 0.771033872648162 2.24131193497421 1.65069476324797 391
"X.391" 0.736082107213189 2.30122158078958 1.54856008026502 392
"X.392" 0.721967019713977 2.20260568589127 1.66586071854821 393
"X.393" 0.746945391570847 2.20350997606655 1.66124410455162 394
"X.394" 0.735115183215643 2.27957124326897 1.67453305468412 395
"X.395" 0.74625734779298 2.13530581530159 1.69404697744789 396
"X.396" 0.746308631175995 2.26241895787299 1.64474176483948 397
"X.397" 0.754142353659139 2.22061672759176 1.78894340748251 398
"X.398" 0.717460525083911 2.26291065009917 1.69748422892542 399
"X.399" 0.717714091938253 2.29544136996302 1.66943013414833 400
"X.400" 0.746926311635538 2.31814647378732 1.64695914584 401
"X.401" 0.731410778708284 2.14171221479156 1.59922503695856 402
"X.402" 0.759742237321896 2.1355921531548 1.68528890847878 403
"X.403" 0.763793560938597 2.35599129315619 1.68230119974068 404
"X.404" 0.713041146395947 2.19994274010904 1.68760946176836 405
"X.405" 0.738216269384836 2.16348533246638 1.65479734283408 406
"X.406" 0.759457870617364 2.11967935168353 1.62782150131315 407
"X.407" 0.772400952102171 2.21719076726798 1.68294136554859 408
"X.408" 0.733863458266639 2.26604717573971 1.69908919342504 409
"X.409" 0.733771225947304 2.21790280007121 1.65698497294909 410
"X.410" 0.733202209046757 2.11452239584382 1.72820516491087 411
"X.411" 0.717644121409136 2.11170239292937 1.63473188030284 412
"X.412" 0.717195305722444 2.12025851263293 1.70258161040878 413
"X.413" 0.726253079976975 2.31563029281092 1.69575814630505 414
"X.414" 0.744301418377775 2.21263944410057 1.61863883618579 415
"X.415" 0.734570759430987 2.24827483678336 1.7386734500172 416
"X.416" 0.754375202171366 2.23987429580066 1.70099350950331 417
"X.417" 0.756096001538181 2.19525055573101 1.72416679979257 418
"X.418" 0.713583938700628 2.14733313608507 1.68657314818782 419
"X.419" 0.744753206125796 2.20051333134473 1.77755660897708 420
"X.420" 0.740629221745397 2.19960294678807 1.64589877121673 421
"X.421" 0.72996473818328 2.19486806866155 1.67276397914127 422
"X.422" 0.734439922796462 2.18437391852738 1.61893055933812 423
"X.423" 0.713357796371777 2.13282864259143 1.70907284227958 424
"X.424" 0.720455824812735 2.38042341667371 1.64997529059748 425
"X.425" 0.727756055243945 2.24388820915058 1.70335672948261 426
"X.426" 0.744811117513167 2.22107749893391 1.70511859701062 427
"X.427" 0.722019654987029 2.33179998077661 1.66043251448113 428
"X.428" 0.739500243549638 2.14737972943103 1.66181474068863 429
"X.429" 0.723878764371681 2.28120842153212 1.664282053824 430
"X.430" 0.753708216996145 2.18610161654355 1.71605022110846 431
"X.431" 0.735629595775552 2.20819874086582 1.68884714017558 432
"X.432" 0.722759633226332 2.19141472872137 1.68662171189831 433
"X.433" 0.74661436915211 2.1448011780022 1.74426521026051 434
"X.434" 0.725095144296035 2.18603601096884 1.67103922629707 435
"X.435" 0.724280978140454 2.27456011057527 1.68420757319276 436
"X.436" 0.744248053031502 2.17679435615455 1.68671836436986 437
"X.437" 0.738679461271089 2.36667843457621 1.63760553546154 438
"X.438" 0.738051422044046 2.19315254028103 1.64007634841368 439
"X.439" 0.736665500779586 2.16583111637371 1.72693693546159 440
"X.440" 0.762841882342044 2.1955452778543 1.68776610457632 441
"X.441" 0.756993621632881 2.22136860827287 1.70833647221072 442
"X.442" 0.762401552813982 2.18935715553789 1.8029486370775 443
"X.443" 0.769723603801791 2.20156406807419 1.72747808750096 444
"X.444" 0.75155967937657 2.27350816275114 1.80434573077737 445
"X.445" 0.716410890543571 2.29692856238051 1.74462073732311 446
"X.446" 0.758737575511271 2.24183176684839 1.72101033624365 447
"X.447" 0.751068053049762 2.24334062260283 1.63101568220505 448
"X.448" 0.767108478848476 2.20513016882467 1.68041215659687 449
"X.449" 0.734715024770713 2.24769608446944 1.67253597550068 450
"X.450" 0.770169642974461 2.2360686962397 1.65173718012779 451
"X.451" 0.700421742968271 2.11843460587197 1.75149799507149 452
"X.452" 0.743924476638681 2.30155176718607 1.76046344767815 453
"X.453" 0.76084701693359 2.24867194334457 1.69290132121656 454
"X.454" 0.747149319458436 2.30854267121213 1.63866488088565 455
"X.455" 0.719982092461588 2.28213347125375 1.69997629520379 456
"X.456" 0.742715183921723 2.09291320009161 1.68402268411291 457
"X.457" 0.746027691731759 2.1589733423042 1.61000579554677 458
"X.458" 0.705128731055289 2.21017678370647 1.78373273191897 459
"X.459" 0.730748033492841 2.24281055863915 1.74629281076803 460
"X.460" 0.721287708099724 2.44171896393654 1.63496424354895 461
"X.461" 0.733745072625682 2.15505693272141 1.77656064522335 462
"X.462" 0.708003158067833 2.27198619755444 1.77105230228909 463
"X.463" 0.714905554649034 2.22371408534481 1.70456270561977 464
"X.464" 0.719294657044789 2.18475267611985 1.67969367868884 465
"X.465" 0.730781103205433 2.14088648055685 1.61791960881917 466
"X.466" 0.743088180985232 2.17035193963899 1.67024840890483 467
"X.467" 0.727552679733896 2.02727276289656 1.69779636023043 468
"X.468" 0.716342645476472 2.24289551266367 1.70337385008821 469
"X.469" 0.746392075049321 2.19473220350828 1.68780977417018 470
"X.470" 0.735709015949811 2.25123241899296 1.75948047665411 471
"X.471" 0.760719692446538 2.17985506195842 1.70958659647764 472
"X.472" 0.732972354972671 2.18469280165192 1.70182324628093 473
"X.473" 0.732741376705997 2.28970282035755 1.72868329997772 474
"X.474" 0.739820080187932 2.20934410622194 1.71494588041862 475
"X.475" 0.721536966285192 2.29474599799822 1.70762808783897 476
"X.476" 0.747321460478473 2.23394387445531 1.69167888924877 477
"X.477" 0.735511121526003 2.21831658272205 1.69687790525383 478
"X.478" 0.726396889298694 2.15101552169491 1.56193542713388 479
"X.479" 0.735632406857262 2.20145875560558 1.66778965560732 480
"X.480" 0.726114669251552 2.17130884397309 1.69639718696554 481
"X.481" 0.739763440970541 2.2059041851674 1.64004493704952 482
"X.482" 0.732107490700642 2.20683546385003 1.71796214717795 483
"X.483" 0.740758042366011 2.23310572609709 1.62245588378948 484
"X.484" 0.739906141945543 2.20589235944208 1.66177752020612 485
"X.485" 0.761215564116704 2.30682043619876 1.66719319983298 486
"X.486" 0.74414219131778 2.16802838302498 1.70236968314054 487
"X.487" 0.714931358535543 2.22996193995717 1.65055224216146 488
"X.488" 0.714631397220116 2.19437768073366 1.77218184666598 489
"X.489" 0.784121328221473 2.21595764843725 1.73358663999532 490
"X.490" 0.711163568034554 2.31014468441024 1.68286261740165 491
"X.491" 0.727195795976246 2.2496830645982 1.63500189578097 492
"X.492" 0.739878416452533 2.25005300182267 1.64064244682109 493
"X.493" 0.77049420089566 2.27866631053635 1.72541056848216 494
"X.494" 0.721875038000775 2.28501331252107 1.69199322316361 495
"X.495" 0.754538006293628 2.25966373261698 1.78625471597366 496
"X.496" 0.758130954828915 2.20264126999726 1.6825834199758 497
"X.497" 0.725676289638929 2.16471754086249 1.69540171603466 498
"X.498" 0.735294186319533 2.22699502560719 1.65859559012822 499
"X.499" 0.733655988813938 2.24339895890766 1.58300099273399 500
